last update: Sat Apr 30 2016 02:45:45 GMT+0800 (HKT)

order	team	score	std
0	[1519]	875	100
1	[1241]	865	99
2	[973]	810	91
3	[195]	810	91
4	[2451]	785	87
5	[67]	770	85
6	[254]	741	81
7	[27]	730	79
8	[133]	729	79
9	[118]	728	79
10	[230]	721	78
11	[3620]	716	77
12	[5172]	711	77
13	[2823]	705	76
14	[148]	702	75
15	[971]	699	75
16	[987]	695	74
17	[166]	694	74
18	[16]	688	73
19	[225]	678	72
20	[1024]	676	72
21	[4003]	675	71
22	[1806]	665	70
23	[2035]	665	70
24	[2056]	662	70
25	[3314]	659	69
26	[48]	654	68
27	[5546]	650	68
28	[610]	649	68
29	[294]	648	68
30	[360]	646	67
31	[708]	644	67
32	[1690]	641	67
33	[2614]	640	66
34	[1918]	638	66
35	[4564]	635	66
36	[333]	635	66
37	[868]	634	66
38	[876]	634	66
39	[1678]	634	66
40	[3641]	633	65
41	[2767]	629	65
42	[2052]	627	65
43	[1736]	627	65
44	[1538]	627	65
45	[122]	622	64
46	[1425]	620	64
47	[3357]	620	64
48	[1731]	620	64
49	[2471]	618	63
50	[558]	618	63
51	[4967]	618	63
52	[245]	617	63
53	[1323]	617	63
54	[2393]	617	63
55	[330]	616	63
56	[1885]	614	63
57	[2485]	614	63
58	[3663]	613	63
59	[2996]	611	62
60	[2054]	610	62
61	[5663]	610	62
62	[1114]	610	62
63	[33]	608	62
64	[2637]	608	62
65	[5895]	606	62
66	[41]	605	61
67	[3130]	605	61
68	[842]	605	61
69	[3238]	605	61
70	[4587]	604	61
71	[2137]	603	61
72	[359]	602	61
73	[2122]	601	61
74	[1418]	601	61
75	[1305]	601	61
76	[70]	601	61
77	[1747]	601	61
78	[910]	600	61
79	[125]	599	61
80	[4561]	599	61
81	[5150]	599	61
82	[2403]	598	60
83	[4678]	598	60
84	[1718]	597	60
85	[5891]	597	60
86	[4391]	597	60
87	[3044]	596	60
88	[126]	595	60
89	[548]	595	60
90	[229]	594	60
91	[172]	593	60
92	[1501]	593	60
93	[3452]	593	60
94	[5499]	593	60
95	[3538]	593	60
96	[2834]	591	59
97	[25]	591	59
98	[2557]	591	59
99	[2046]	591	59
100	[319]	590	59
101	[3419]	589	59
102	[1011]	589	59
103	[346]	589	59
104	[2590]	589	59
105	[2481]	588	59
106	[5406]	588	59
107	[20]	588	59
108	[694]	588	59
109	[4451]	587	59
110	[1306]	586	59
111	[177]	586	59
112	[3683]	586	59
113	[4103]	584	58
114	[1559]	581	58
115	[1676]	581	58
116	[4242]	580	58
117	[5114]	580	58
118	[3309]	580	58
119	[5460]	579	58
120	[3476]	579	58
121	[3937]	579	58
122	[5813]	579	58
123	[3618]	579	58
124	[869]	579	58
125	[1769]	578	58
126	[2147]	578	58
127	[1987]	577	57
128	[858]	577	57
129	[3990]	576	57
130	[461]	576	57
131	[175]	575	57
132	[85]	575	57
133	[4488]	575	57
134	[179]	575	57
135	[2522]	575	57
136	[494]	574	57
137	[6167]	574	57
138	[1477]	570	56
139	[3478]	570	56
140	[4613]	570	56
141	[217]	570	56
142	[4264]	569	56
143	[1768]	569	56
144	[1481]	569	56
145	[1099]	569	56
146	[4469]	569	56
147	[3310]	569	56
148	[2175]	568	56
149	[2502]	568	56
150	[1625]	568	56
151	[2771]	566	56
152	[1124]	565	56
153	[1712]	565	56
154	[3234]	565	56
155	[3245]	565	56
156	[3970]	565	56
157	[2783]	564	56
158	[228]	562	55
159	[2439]	562	55
160	[904]	562	55
161	[4911]	562	55
162	[1684]	562	55
163	[5914]	562	55
164	[2445]	561	55
165	[45]	561	55
166	[1261]	561	55
167	[5907]	561	55
168	[1746]	558	55
169	[3098]	557	55
170	[329]	557	55
171	[5832]	557	55
172	[639]	556	54
173	[2846]	556	54
174	[2486]	556	54
175	[303]	556	54
176	[2648]	556	54
177	[1391]	556	54
178	[4085]	556	54
179	[1511]	555	54
180	[2883]	555	54
181	[3504]	555	54
182	[364]	555	54
183	[365]	554	54
184	[78]	554	54
185	[4241]	554	54
186	[379]	553	54
187	[4039]	553	54
188	[5448]	553	54
189	[3536]	552	54
190	[231]	552	54
191	[573]	552	54
192	[5618]	551	54
193	[5437]	551	54
194	[1640]	551	54
195	[3339]	550	54
196	[2881]	550	54
197	[1058]	550	54
198	[4330]	550	54
199	[2067]	550	54
200	[272]	549	53
201	[1023]	549	53
202	[3039]	548	53
203	[4146]	546	53
204	[525]	546	53
205	[4920]	546	53
206	[1540]	546	53
207	[1710]	545	53
208	[834]	545	53
209	[5166]	545	53
210	[4525]	545	53
211	[4001]	544	53
212	[3166]	544	53
213	[191]	544	53
214	[4256]	543	53
215	[2468]	543	53
216	[2013]	543	53
217	[5016]	543	53
218	[4063]	543	53
219	[5167]	542	52
220	[2081]	542	52
221	[3481]	541	52
222	[1318]	541	52
223	[180]	540	52
224	[1619]	540	52
225	[4334]	540	52
226	[1250]	539	52
227	[1137]	539	52
228	[1983]	539	52
229	[193]	538	52
230	[2064]	538	52
231	[1764]	537	52
232	[3352]	537	52
233	[5677]	537	52
234	[999]	536	52
235	[5472]	536	52
236	[503]	535	51
237	[135]	535	51
238	[1089]	533	51
239	[4468]	533	51
240	[5326]	532	51
241	[3539]	532	51
242	[4276]	532	51
243	[1310]	532	51
244	[597]	531	51
245	[3360]	531	51
246	[1796]	531	51
247	[2990]	531	51
248	[4550]	531	51
249	[3932]	531	51
250	[111]	530	51
251	[1923]	530	51
252	[5851]	529	51
253	[1262]	529	51
254	[3604]	529	51
255	[4028]	529	51
256	[5933]	529	51
257	[233]	529	51
258	[5254]	528	50
259	[1257]	528	50
260	[1986]	528	50
261	[2474]	527	50
262	[3600]	527	50
263	[1648]	527	50
264	[5830]	527	50
265	[5124]	526	50
266	[2341]	526	50
267	[3637]	526	50
268	[6035]	525	50
269	[5279]	525	50
270	[6220]	525	50
271	[3546]	524	50
272	[74]	524	50
273	[1065]	523	50
274	[5030]	523	50
275	[103]	522	50
276	[141]	522	50
277	[6166]	521	50
278	[5842]	521	50
279	[4122]	521	50
280	[5039]	520	49
281	[4499]	520	49
282	[263]	520	49
283	[4384]	520	49
284	[870]	519	49
285	[5816]	519	49
286	[401]	519	49
287	[2980]	518	49
288	[5624]	518	49
289	[3147]	518	49
290	[1836]	518	49
291	[2638]	518	49
292	[3128]	517	49
293	[1675]	517	49
294	[1671]	517	49
295	[4377]	517	49
296	[2586]	516	49
297	[5801]	516	49
298	[5900]	516	49
299	[5878]	515	49
300	[2974]	515	49
301	[5913]	515	49
302	[4362]	515	49
303	[3534]	514	49
304	[120]	514	49
305	[3925]	514	49
306	[4180]	514	49
307	[341]	513	48
308	[2978]	513	48
309	[5098]	513	48
310	[57]	513	48
311	[1902]	512	48
312	[1086]	512	48
313	[207]	512	48
314	[6171]	512	48
315	[6086]	511	48
316	[746]	511	48
317	[2212]	511	48
318	[4135]	511	48
319	[1296]	511	48
320	[1756]	510	48
321	[6153]	510	48
322	[321]	510	48
323	[4131]	509	48
324	[2194]	509	48
325	[4405]	509	48
326	[3211]	508	48
327	[5401]	508	48
328	[5726]	507	48
329	[5926]	507	48
330	[1153]	506	47
331	[4547]	506	47
332	[4253]	506	47
333	[2526]	506	47
334	[5996]	505	47
335	[5712]	505	47
336	[1665]	505	47
337	[2642]	504	47
338	[6193]	504	47
339	[3847]	504	47
340	[5980]	504	47
341	[1339]	504	47
342	[3324]	503	47
343	[5505]	503	47
344	[3770]	502	47
345	[1258]	502	47
346	[5811]	502	47
347	[4930]	502	47
348	[4216]	501	47
349	[4519]	501	47
350	[176]	500	47
351	[2337]	500	47
352	[2619]	500	47
353	[4087]	500	47
354	[498]	500	47
355	[3574]	500	47
356	[4534]	500	47
357	[5199]	499	46
358	[6221]	499	46
359	[812]	499	46
360	[4010]	498	46
361	[5855]	498	46
362	[3824]	498	46
363	[5439]	498	46
364	[5518]	497	46
365	[5837]	497	46
366	[1159]	497	46
367	[4646]	497	46
368	[3688]	497	46
369	[6219]	497	46
370	[423]	496	46
371	[5854]	496	46
372	[3397]	496	46
373	[295]	496	46
374	[836]	496	46
375	[4026]	496	46
376	[1126]	496	46
377	[1510]	496	46
378	[6012]	495	46
379	[3490]	495	46
380	[3930]	495	46
381	[3005]	495	46
382	[1730]	495	46
383	[5686]	494	46
384	[3853]	494	46
385	[4590]	494	46
386	[1325]	493	46
387	[4188]	493	46
388	[107]	492	45
389	[4536]	492	45
390	[4945]	492	45
391	[1991]	492	45
392	[2634]	492	45
393	[3260]	492	45
394	[4159]	490	45
395	[5012]	490	45
396	[5818]	490	45
397	[4905]	490	45
398	[1662]	489	45
399	[686]	489	45
400	[2415]	489	45
401	[1701]	489	45
402	[3602]	489	45
403	[2338]	488	45
404	[181]	488	45
405	[1732]	488	45
406	[670]	487	45
407	[4290]	487	45
408	[4183]	487	45
409	[287]	487	45
410	[2987]	486	45
411	[5431]	486	45
412	[2655]	486	45
413	[3506]	486	45
414	[2761]	485	44
415	[3042]	485	44
416	[1775]	485	44
417	[5804]	485	44
418	[188]	484	44
419	[2363]	484	44
420	[3880]	484	44
421	[68]	483	44
422	[6134]	483	44
423	[3158]	483	44
424	[5910]	482	44
425	[3284]	482	44
426	[4009]	481	44
427	[4329]	481	44
428	[6075]	481	44
429	[339]	481	44
430	[384]	480	44
431	[3374]	480	44
432	[6098]	480	44
433	[5572]	479	44
434	[1723]	479	44
435	[5679]	479	44
436	[2935]	478	43
437	[4508]	478	43
438	[5817]	477	43
439	[1208]	477	43
440	[4910]	477	43
441	[8]	476	43
442	[3015]	476	43
443	[123]	476	43
444	[236]	476	43
445	[3533]	475	43
446	[1389]	474	43
447	[932]	474	43
448	[4625]	473	43
449	[4060]	473	43
450	[5053]	473	43
451	[5924]	473	43
452	[2383]	473	43
453	[839]	472	43
454	[5803]	472	43
455	[5006]	472	43
456	[1073]	472	43
457	[1533]	472	43
458	[5034]	471	42
459	[1218]	471	42
460	[4740]	471	42
461	[88]	471	42
462	[6032]	471	42
463	[6144]	471	42
464	[2168]	470	42
465	[4450]	469	42
466	[3132]	468	42
467	[5050]	468	42
468	[1860]	468	42
469	[5048]	468	42
470	[540]	468	42
471	[1939]	468	42
472	[4607]	468	42
473	[3656]	467	42
474	[5232]	467	42
475	[5834]	467	42
476	[2405]	465	42
477	[5839]	464	41
478	[6175]	464	41
479	[6070]	464	41
480	[4931]	464	41
481	[1529]	464	41
482	[296]	464	41
483	[5057]	464	41
484	[4403]	463	41
485	[5885]	463	41
486	[6072]	463	41
487	[623]	463	41
488	[5920]	463	41
489	[5805]	462	41
490	[5915]	462	41
491	[4125]	461	41
492	[3414]	461	41
493	[1629]	461	41
494	[279]	461	41
495	[4744]	460	41
496	[4401]	460	41
497	[5274]	460	41
498	[6055]	459	41
499	[3019]	459	41
500	[1209]	459	41
501	[5417]	458	41
502	[5454]	458	41
503	[538]	458	41
504	[5822]	456	40
505	[1197]	456	40
506	[1700]	454	40
507	[604]	454	40
508	[5024]	453	40
509	[5084]	452	40
510	[5930]	452	40
511	[6082]	452	40
512	[4761]	451	40
513	[5976]	450	39
514	[3926]	450	39
515	[2733]	450	39
516	[781]	450	39
517	[5827]	450	39
518	[3303]	448	39
519	[2202]	447	39
520	[5987]	447	39
521	[3230]	447	39
522	[6016]	446	39
523	[1123]	446	39
524	[66]	445	39
525	[3102]	445	39
526	[771]	445	39
527	[955]	445	39
528	[3018]	445	39
529	[5876]	443	38
530	[5243]	443	38
531	[4335]	443	38
532	[3389]	441	38
533	[1405]	440	38
534	[4828]	438	38
535	[4013]	438	38
536	[5410]	436	37
537	[3527]	436	37
538	[60]	436	37
539	[1311]	436	37
540	[422]	436	37
541	[2283]	435	37
542	[2220]	435	37
543	[980]	434	37
544	[5940]	434	37
545	[6034]	434	37
546	[1973]	433	37
547	[3135]	432	37
548	[2848]	432	37
549	[5690]	432	37
550	[5897]	432	37
551	[5912]	431	37
552	[190]	431	37
553	[433]	428	36
554	[3965]	427	36
555	[2370]	427	36
556	[3646]	426	36
557	[2080]	425	36
558	[5847]	424	36
559	[3562]	423	36
560	[3630]	422	35
561	[3961]	421	35
562	[1729]	421	35
563	[5846]	421	35
564	[5892]	419	35
565	[1156]	417	35
566	[5858]	414	34
567	[5879]	413	34
568	[4121]	413	34
569	[2907]	411	34
570	[4592]	411	34
571	[11]	410	34
572	[1622]	408	33
573	[5899]	408	33
574	[1868]	407	33
575	[5809]	407	33
576	[3655]	405	33
577	[5422]	403	33
578	[5333]	401	32
579	[3021]	399	32
580	[3786]	393	31
581	[4061]	392	31
582	[5332]	385	30
583	[1369]	377	29
584	[51]	372	28
585	[4455]	358	26
586	[2102]	354	26
587	[2438]	258	12
588	[5404]	258	12
589	[1143]	258	12
590	[3735]	246	10
591	[6025]	234	9
592	[3049]	228	8
593	[5450]	222	7
594	[3560]	210	5
595	[3288]	210	5
596	[537]	210	5
597	[5872]	207	5
598	[5870]	207	5
599	[4301]	174	0
last update: Sat Apr 30 2016 02:45:45 GMT+0800 (HKT)