last update: Sat Apr 30 2016 03:06:07 GMT+0800 (HKT)

order	team	score	std
0	[1241]	865	100
1	[195]	820	93
2	[973]	810	92
3	[2451]	785	88
4	[67]	770	86
5	[1519]	752	84
6	[254]	741	82
7	[27]	730	80
8	[133]	729	80
9	[118]	728	80
10	[230]	721	79
11	[3620]	716	78
12	[5172]	711	78
13	[2823]	705	77
14	[148]	702	76
15	[971]	699	76
16	[987]	695	75
17	[166]	694	75
18	[16]	688	74
19	[225]	678	73
20	[1024]	676	73
21	[4003]	675	73
22	[1806]	665	71
23	[2035]	665	71
24	[2056]	662	71
25	[3314]	659	70
26	[3641]	657	70
27	[48]	654	69
28	[5546]	650	69
29	[610]	649	69
30	[294]	648	69
31	[360]	646	68
32	[2767]	645	68
33	[1425]	644	68
34	[708]	644	68
35	[1678]	642	68
36	[1690]	641	68
37	[2614]	640	67
38	[217]	639	67
39	[1918]	638	67
40	[876]	637	67
41	[4564]	635	67
42	[333]	635	67
43	[868]	634	67
44	[1731]	630	66
45	[1538]	627	66
46	[2052]	627	66
47	[1736]	627	66
48	[3683]	625	65
49	[122]	622	65
50	[3990]	620	65
51	[3357]	620	65
52	[2471]	618	64
53	[558]	618	64
54	[4967]	618	64
55	[2393]	617	64
56	[245]	617	64
57	[1323]	617	64
58	[330]	616	64
59	[1885]	614	64
60	[2485]	614	64
61	[3309]	613	64
62	[3663]	613	64
63	[2996]	611	63
64	[2054]	610	63
65	[5663]	610	63
66	[1114]	610	63
67	[2637]	608	63
68	[33]	608	63
69	[5895]	606	63
70	[842]	605	62
71	[4561]	605	62
72	[3130]	605	62
73	[41]	605	62
74	[3238]	605	62
75	[4587]	604	62
76	[2137]	603	62
77	[2122]	601	62
78	[70]	601	62
79	[1305]	601	62
80	[1747]	601	62
81	[1418]	601	62
82	[910]	600	62
83	[5150]	599	62
84	[125]	599	62
85	[4678]	598	61
86	[2403]	598	61
87	[4451]	597	61
88	[1718]	597	61
89	[2013]	597	61
90	[4391]	597	61
91	[3044]	596	61
92	[3937]	595	61
93	[548]	595	61
94	[126]	595	61
95	[229]	594	61
96	[1501]	593	61
97	[172]	593	61
98	[359]	593	61
99	[5499]	593	61
100	[3538]	593	61
101	[2557]	591	60
102	[2046]	591	60
103	[2834]	591	60
104	[25]	591	60
105	[319]	590	60
106	[1011]	589	60
107	[3419]	589	60
108	[2590]	589	60
109	[346]	589	60
110	[694]	588	60
111	[5406]	588	60
112	[2481]	588	60
113	[20]	588	60
114	[1306]	586	60
115	[177]	586	60
116	[1058]	584	59
117	[303]	584	59
118	[4103]	584	59
119	[2175]	582	59
120	[1559]	581	59
121	[4242]	580	59
122	[5114]	580	59
123	[3476]	579	59
124	[3618]	579	59
125	[5813]	579	59
126	[869]	579	59
127	[5460]	579	59
128	[1769]	578	58
129	[2147]	578	58
130	[858]	577	58
131	[1987]	577	58
132	[461]	576	58
133	[2522]	575	58
134	[85]	575	58
135	[179]	575	58
136	[4488]	575	58
137	[175]	575	58
138	[6167]	574	58
139	[494]	574	58
140	[1477]	570	57
141	[4613]	570	57
142	[4469]	569	57
143	[4264]	569	57
144	[1481]	569	57
145	[1099]	569	57
146	[1768]	569	57
147	[3310]	569	57
148	[2502]	568	57
149	[1625]	568	57
150	[78]	566	57
151	[2771]	566	57
152	[1124]	565	57
153	[1712]	565	57
154	[3245]	565	57
155	[3234]	565	57
156	[573]	564	56
157	[5891]	564	56
158	[2783]	564	56
159	[2439]	562	56
160	[4911]	562	56
161	[904]	562	56
162	[4241]	562	56
163	[228]	562	56
164	[2445]	561	56
165	[1261]	561	56
166	[45]	561	56
167	[5166]	561	56
168	[5907]	561	56
169	[3478]	561	56
170	[1684]	559	56
171	[1746]	558	56
172	[329]	557	55
173	[5832]	557	55
174	[1676]	557	55
175	[3098]	557	55
176	[2846]	556	55
177	[639]	556	55
178	[2648]	556	55
179	[1391]	556	55
180	[2486]	556	55
181	[4085]	556	55
182	[2883]	555	55
183	[364]	555	55
184	[1511]	555	55
185	[3539]	554	55
186	[3339]	554	55
187	[365]	554	55
188	[379]	553	55
189	[4039]	553	55
190	[5448]	553	55
191	[3536]	552	55
192	[231]	552	55
193	[5618]	551	55
194	[1640]	551	55
195	[3504]	551	55
196	[5437]	551	55
197	[2067]	550	54
198	[4330]	550	54
199	[2881]	550	54
200	[1023]	549	54
201	[272]	549	54
202	[3039]	548	54
203	[5914]	547	54
204	[4920]	546	54
205	[1540]	546	54
206	[525]	546	54
207	[4146]	546	54
208	[1710]	545	54
209	[3452]	545	54
210	[4525]	545	54
211	[834]	545	54
212	[4001]	544	54
213	[3166]	544	54
214	[191]	544	54
215	[2468]	543	53
216	[4063]	543	53
217	[5016]	543	53
218	[4256]	543	53
219	[321]	542	53
220	[5167]	542	53
221	[2081]	542	53
222	[1318]	541	53
223	[3481]	541	53
224	[1619]	540	53
225	[180]	540	53
226	[4334]	540	53
227	[1983]	539	53
228	[1137]	539	53
229	[1250]	539	53
230	[2064]	538	53
231	[193]	538	53
232	[5677]	537	53
233	[3352]	537	53
234	[1764]	537	53
235	[999]	536	52
236	[5472]	536	52
237	[503]	535	52
238	[135]	535	52
239	[4010]	534	52
240	[5048]	534	52
241	[4468]	533	52
242	[1089]	533	52
243	[1310]	532	52
244	[3970]	532	52
245	[4276]	532	52
246	[5326]	532	52
247	[2438]	532	52
248	[4550]	531	52
249	[3360]	531	52
250	[3932]	531	52
251	[2990]	531	52
252	[1796]	531	52
253	[597]	531	52
254	[111]	530	52
255	[1923]	530	52
256	[3604]	529	51
257	[5851]	529	51
258	[233]	529	51
259	[4028]	529	51
260	[5933]	529	51
261	[1262]	529	51
262	[5254]	528	51
263	[1257]	528	51
264	[1986]	528	51
265	[2474]	527	51
266	[3600]	527	51
267	[3637]	526	51
268	[2341]	526	51
269	[5124]	526	51
270	[5872]	525	51
271	[6220]	525	51
272	[5279]	525	51
273	[6035]	525	51
274	[74]	524	51
275	[3546]	524	51
276	[1065]	523	51
277	[5030]	523	51
278	[141]	522	50
279	[6166]	521	50
280	[5842]	521	50
281	[4122]	521	50
282	[4384]	520	50
283	[5039]	520	50
284	[4499]	520	50
285	[263]	520	50
286	[870]	519	50
287	[401]	519	50
288	[5624]	518	50
289	[2638]	518	50
290	[3147]	518	50
291	[2980]	518	50
292	[1836]	518	50
293	[1675]	517	50
294	[4377]	517	50
295	[1671]	517	50
296	[3128]	517	50
297	[2586]	516	49
298	[5801]	516	49
299	[5878]	515	49
300	[4362]	515	49
301	[5913]	515	49
302	[2974]	515	49
303	[120]	514	49
304	[3534]	514	49
305	[295]	514	49
306	[3925]	514	49
307	[4180]	514	49
308	[812]	513	49
309	[5098]	513	49
310	[2978]	513	49
311	[57]	513	49
312	[341]	513	49
313	[207]	512	49
314	[6171]	512	49
315	[1902]	512	49
316	[1086]	512	49
317	[1296]	511	49
318	[746]	511	49
319	[2212]	511	49
320	[6086]	511	49
321	[5816]	510	49
322	[1756]	510	49
323	[2194]	509	48
324	[4405]	509	48
325	[4131]	509	48
326	[3211]	508	48
327	[5401]	508	48
328	[103]	508	48
329	[5926]	507	48
330	[686]	507	48
331	[5830]	507	48
332	[5726]	507	48
333	[4253]	506	48
334	[4547]	506	48
335	[1153]	506	48
336	[2526]	506	48
337	[5712]	505	48
338	[5996]	505	48
339	[5811]	505	48
340	[1665]	505	48
341	[6153]	504	48
342	[5980]	504	48
343	[1339]	504	48
344	[6193]	504	48
345	[2642]	504	48
346	[3847]	504	48
347	[3324]	503	48
348	[5505]	503	48
349	[1258]	502	47
350	[4930]	502	47
351	[3770]	502	47
352	[4519]	501	47
353	[4216]	501	47
354	[2619]	500	47
355	[2337]	500	47
356	[498]	500	47
357	[4534]	500	47
358	[176]	500	47
359	[3574]	500	47
360	[4087]	500	47
361	[6221]	499	47
362	[5199]	499	47
363	[5855]	498	47
364	[5439]	498	47
365	[5900]	498	47
366	[3824]	498	47
367	[4646]	497	47
368	[1648]	497	47
369	[3688]	497	47
370	[6219]	497	47
371	[5518]	497	47
372	[5837]	497	47
373	[1159]	497	47
374	[423]	496	47
375	[3397]	496	47
376	[836]	496	47
377	[5854]	496	47
378	[1510]	496	47
379	[1126]	496	47
380	[3490]	495	46
381	[1730]	495	46
382	[6012]	495	46
383	[3930]	495	46
384	[3005]	495	46
385	[4590]	494	46
386	[3853]	494	46
387	[5686]	494	46
388	[4188]	493	46
389	[1325]	493	46
390	[4135]	493	46
391	[107]	492	46
392	[2634]	492	46
393	[4536]	492	46
394	[3260]	492	46
395	[4945]	492	46
396	[1991]	492	46
397	[5012]	490	46
398	[4159]	490	46
399	[4905]	490	46
400	[5818]	490	46
401	[1701]	489	46
402	[1662]	489	46
403	[2415]	489	46
404	[3602]	489	46
405	[2338]	488	45
406	[181]	488	45
407	[670]	487	45
408	[4183]	487	45
409	[4290]	487	45
410	[287]	487	45
411	[2655]	486	45
412	[5431]	486	45
413	[2987]	486	45
414	[3506]	486	45
415	[2761]	485	45
416	[3042]	485	45
417	[1775]	485	45
418	[5804]	485	45
419	[3880]	484	45
420	[188]	484	45
421	[2363]	484	45
422	[3158]	483	45
423	[68]	483	45
424	[6134]	483	45
425	[5910]	482	45
426	[3284]	482	45
427	[1732]	482	45
428	[4329]	481	44
429	[6075]	481	44
430	[339]	481	44
431	[4009]	481	44
432	[6098]	480	44
433	[384]	480	44
434	[3374]	480	44
435	[5679]	479	44
436	[1723]	479	44
437	[2935]	478	44
438	[4508]	478	44
439	[5817]	477	44
440	[4910]	477	44
441	[1208]	477	44
442	[5976]	476	44
443	[4607]	476	44
444	[123]	476	44
445	[236]	476	44
446	[8]	476	44
447	[3015]	476	44
448	[3533]	475	44
449	[932]	474	43
450	[1389]	474	43
451	[5053]	473	43
452	[5924]	473	43
453	[4060]	473	43
454	[2383]	473	43
455	[4625]	473	43
456	[839]	472	43
457	[1073]	472	43
458	[1533]	472	43
459	[5803]	472	43
460	[5006]	472	43
461	[5034]	471	43
462	[6032]	471	43
463	[88]	471	43
464	[1218]	471	43
465	[6144]	471	43
466	[4740]	471	43
467	[2168]	470	43
468	[4450]	469	43
469	[1860]	468	43
470	[1939]	468	43
471	[3132]	468	43
472	[5050]	468	43
473	[4026]	468	43
474	[540]	468	43
475	[5232]	467	42
476	[5834]	467	42
477	[3656]	467	42
478	[2405]	465	42
479	[5057]	464	42
480	[296]	464	42
481	[4931]	464	42
482	[6070]	464	42
483	[5839]	464	42
484	[1529]	464	42
485	[6175]	464	42
486	[5885]	463	42
487	[623]	463	42
488	[5920]	463	42
489	[4403]	463	42
490	[5915]	462	42
491	[5805]	462	42
492	[4125]	461	42
493	[1629]	461	42
494	[279]	461	42
495	[3414]	461	42
496	[4401]	460	41
497	[4744]	460	41
498	[1209]	459	41
499	[6055]	459	41
500	[3019]	459	41
501	[538]	458	41
502	[5572]	458	41
503	[5454]	458	41
504	[5417]	458	41
505	[5822]	456	41
506	[1197]	456	41
507	[1700]	454	41
508	[604]	454	41
509	[5024]	453	40
510	[6082]	452	40
511	[5084]	452	40
512	[5930]	452	40
513	[4761]	451	40
514	[781]	450	40
515	[3926]	450	40
516	[2733]	450	40
517	[5827]	450	40
518	[3303]	448	40
519	[5987]	447	40
520	[2202]	447	40
521	[3230]	447	40
522	[1123]	446	39
523	[6016]	446	39
524	[66]	445	39
525	[771]	445	39
526	[3102]	445	39
527	[3018]	445	39
528	[5274]	445	39
529	[955]	445	39
530	[5876]	443	39
531	[5243]	443	39
532	[4335]	443	39
533	[3389]	441	39
534	[1405]	440	38
535	[4828]	438	38
536	[4013]	438	38
537	[3527]	436	38
538	[5410]	436	38
539	[60]	436	38
540	[1311]	436	38
541	[422]	436	38
542	[2283]	435	38
543	[6072]	435	38
544	[2220]	435	38
545	[6034]	434	38
546	[980]	434	38
547	[5940]	434	38
548	[1973]	433	37
549	[5897]	432	37
550	[3135]	432	37
551	[5690]	432	37
552	[2848]	432	37
553	[5912]	431	37
554	[190]	431	37
555	[433]	428	37
556	[5333]	427	37
557	[2370]	427	37
558	[3965]	427	37
559	[3646]	426	36
560	[2080]	425	36
561	[5847]	424	36
562	[3562]	423	36
563	[3630]	422	36
564	[1729]	421	36
565	[5846]	421	36
566	[3961]	421	36
567	[5892]	419	35
568	[1156]	417	35
569	[5858]	414	35
570	[4121]	413	35
571	[5879]	413	35
572	[4592]	411	34
573	[2907]	411	34
574	[11]	410	34
575	[5899]	408	34
576	[1622]	408	34
577	[1868]	407	34
578	[5809]	407	34
579	[3655]	405	33
580	[5422]	403	33
581	[3021]	399	33
582	[3786]	393	32
583	[4061]	392	32
584	[5332]	385	31
585	[1369]	377	29
586	[51]	372	29
587	[4455]	358	27
588	[2102]	354	26
589	[1143]	258	12
590	[5404]	258	12
591	[3735]	246	10
592	[6025]	234	9
593	[3049]	228	8
594	[5450]	222	7
595	[537]	210	5
596	[3288]	210	5
597	[3560]	210	5
598	[5870]	207	5
599	[4301]	174	0
last update: Sat Apr 30 2016 03:06:07 GMT+0800 (HKT)