last update: Sat Apr 30 2016 02:25:21 GMT+0800 (HKT)

order	team	score	std
0	[1519]	875	100
1	[1241]	865	99
2	[973]	810	91
3	[195]	810	91
4	[2451]	785	87
5	[67]	770	85
6	[254]	741	81
7	[27]	730	79
8	[133]	729	79
9	[118]	728	79
10	[230]	721	78
11	[3620]	716	77
12	[5172]	711	77
13	[2823]	705	76
14	[148]	702	75
15	[971]	699	75
16	[987]	695	74
17	[166]	694	74
18	[16]	688	73
19	[225]	678	72
20	[1024]	676	72
21	[4003]	675	71
22	[2035]	665	70
23	[1806]	665	70
24	[2056]	662	70
25	[3314]	659	69
26	[5546]	650	68
27	[48]	650	68
28	[610]	649	68
29	[294]	648	68
30	[360]	646	67
31	[708]	644	67
32	[1690]	641	67
33	[2614]	640	66
34	[1918]	638	66
35	[333]	635	66
36	[4564]	635	66
37	[868]	634	66
38	[1678]	634	66
39	[876]	634	66
40	[3641]	633	65
41	[2767]	629	65
42	[1114]	628	65
43	[1538]	627	65
44	[2052]	627	65
45	[122]	622	64
46	[3357]	620	64
47	[1425]	620	64
48	[1731]	620	64
49	[2471]	618	63
50	[558]	618	63
51	[1323]	617	63
52	[2393]	617	63
53	[245]	617	63
54	[1736]	617	63
55	[330]	616	63
56	[2485]	614	63
57	[1885]	614	63
58	[3663]	613	63
59	[2996]	611	62
60	[5663]	610	62
61	[2054]	610	62
62	[33]	608	62
63	[2637]	608	62
64	[1011]	607	62
65	[5895]	606	62
66	[842]	605	61
67	[3238]	605	61
68	[41]	605	61
69	[3130]	605	61
70	[4587]	604	61
71	[2137]	603	61
72	[359]	602	61
73	[70]	601	61
74	[1418]	601	61
75	[1747]	601	61
76	[1305]	601	61
77	[2122]	601	61
78	[910]	600	61
79	[4967]	600	61
80	[5150]	599	61
81	[4561]	599	61
82	[125]	599	61
83	[2403]	598	60
84	[4678]	598	60
85	[1718]	597	60
86	[4391]	597	60
87	[5891]	597	60
88	[3044]	596	60
89	[126]	595	60
90	[548]	595	60
91	[229]	594	60
92	[172]	593	60
93	[3538]	593	60
94	[3452]	593	60
95	[1501]	593	60
96	[5499]	593	60
97	[639]	592	60
98	[25]	591	59
99	[2557]	591	59
100	[2046]	591	59
101	[2834]	591	59
102	[319]	590	59
103	[346]	589	59
104	[3419]	589	59
105	[2590]	589	59
106	[5406]	588	59
107	[20]	588	59
108	[2481]	588	59
109	[694]	588	59
110	[4451]	587	59
111	[177]	586	59
112	[3683]	586	59
113	[1306]	586	59
114	[4103]	584	58
115	[4242]	583	58
116	[1559]	581	58
117	[1676]	581	58
118	[3309]	580	58
119	[5114]	580	58
120	[3937]	579	58
121	[3476]	579	58
122	[3618]	579	58
123	[5460]	579	58
124	[5813]	579	58
125	[1769]	578	58
126	[2147]	578	58
127	[858]	577	57
128	[1987]	577	57
129	[461]	576	57
130	[3990]	576	57
131	[175]	575	57
132	[179]	575	57
133	[85]	575	57
134	[2522]	575	57
135	[4488]	575	57
136	[6167]	574	57
137	[494]	574	57
138	[1477]	573	57
139	[3478]	570	56
140	[217]	570	56
141	[4613]	570	56
142	[3310]	569	56
143	[1099]	569	56
144	[4264]	569	56
145	[1481]	569	56
146	[4469]	569	56
147	[1768]	569	56
148	[1625]	568	56
149	[2502]	568	56
150	[2175]	568	56
151	[2771]	566	56
152	[3234]	565	56
153	[3970]	565	56
154	[3245]	565	56
155	[1124]	565	56
156	[1712]	565	56
157	[2783]	564	56
158	[904]	562	55
159	[1684]	562	55
160	[5914]	562	55
161	[228]	562	55
162	[4911]	562	55
163	[2439]	562	55
164	[45]	561	55
165	[1261]	561	55
166	[2445]	561	55
167	[5907]	561	55
168	[1746]	558	55
169	[329]	557	55
170	[5618]	557	55
171	[5832]	557	55
172	[3098]	557	55
173	[2486]	556	54
174	[303]	556	54
175	[4085]	556	54
176	[2648]	556	54
177	[2846]	556	54
178	[1391]	556	54
179	[2883]	555	54
180	[1511]	555	54
181	[364]	555	54
182	[3504]	555	54
183	[78]	554	54
184	[4241]	554	54
185	[365]	554	54
186	[5448]	553	54
187	[4039]	553	54
188	[379]	553	54
189	[573]	552	54
190	[231]	552	54
191	[869]	551	54
192	[1640]	551	54
193	[5437]	551	54
194	[4330]	550	54
195	[2881]	550	54
196	[3339]	550	54
197	[1058]	550	54
198	[2067]	550	54
199	[272]	549	53
200	[1023]	549	53
201	[3039]	548	53
202	[4550]	547	53
203	[1540]	546	53
204	[4920]	546	53
205	[525]	546	53
206	[5801]	546	53
207	[5166]	545	53
208	[834]	545	53
209	[4525]	545	53
210	[191]	544	53
211	[3166]	544	53
212	[4001]	544	53
213	[2468]	543	53
214	[5016]	543	53
215	[4256]	543	53
216	[2013]	543	53
217	[4063]	543	53
218	[2081]	542	52
219	[5167]	542	52
220	[1318]	541	52
221	[3481]	541	52
222	[4334]	540	52
223	[1619]	540	52
224	[180]	540	52
225	[1983]	539	52
226	[1250]	539	52
227	[1137]	539	52
228	[2064]	538	52
229	[193]	538	52
230	[3352]	537	52
231	[5677]	537	52
232	[1764]	537	52
233	[1710]	537	52
234	[5472]	536	52
235	[999]	536	52
236	[135]	535	51
237	[503]	535	51
238	[4146]	534	51
239	[1089]	533	51
240	[4468]	533	51
241	[3536]	532	51
242	[3539]	532	51
243	[4276]	532	51
244	[1310]	532	51
245	[5326]	532	51
246	[3360]	531	51
247	[597]	531	51
248	[2990]	531	51
249	[3932]	531	51
250	[1796]	531	51
251	[111]	530	51
252	[1923]	530	51
253	[4028]	529	51
254	[5933]	529	51
255	[233]	529	51
256	[3604]	529	51
257	[1262]	529	51
258	[5851]	529	51
259	[1257]	528	50
260	[1986]	528	50
261	[5254]	528	50
262	[3600]	527	50
263	[2474]	527	50
264	[5830]	527	50
265	[1648]	527	50
266	[3637]	526	50
267	[2341]	526	50
268	[5124]	526	50
269	[6220]	525	50
270	[6035]	525	50
271	[5279]	525	50
272	[3546]	524	50
273	[74]	524	50
274	[1065]	523	50
275	[5030]	523	50
276	[103]	522	50
277	[141]	522	50
278	[6166]	521	50
279	[4122]	521	50
280	[3284]	521	50
281	[5842]	521	50
282	[4499]	520	49
283	[5039]	520	49
284	[4384]	520	49
285	[401]	519	49
286	[4216]	519	49
287	[870]	519	49
288	[5816]	519	49
289	[1836]	518	49
290	[2980]	518	49
291	[5624]	518	49
292	[3147]	518	49
293	[2638]	518	49
294	[1671]	517	49
295	[3128]	517	49
296	[1675]	517	49
297	[263]	517	49
298	[2586]	516	49
299	[5900]	516	49
300	[2974]	515	49
301	[5913]	515	49
302	[4362]	515	49
303	[5878]	515	49
304	[3534]	514	49
305	[120]	514	49
306	[4180]	514	49
307	[3925]	514	49
308	[57]	513	48
309	[341]	513	48
310	[5098]	513	48
311	[2978]	513	48
312	[1086]	512	48
313	[1902]	512	48
314	[6171]	512	48
315	[207]	512	48
316	[6086]	511	48
317	[746]	511	48
318	[4135]	511	48
319	[2212]	511	48
320	[1296]	511	48
321	[1756]	510	48
322	[6153]	510	48
323	[321]	510	48
324	[4405]	509	48
325	[2194]	509	48
326	[4131]	509	48
327	[3211]	508	48
328	[5401]	508	48
329	[5726]	507	48
330	[5926]	507	48
331	[4253]	506	47
332	[1153]	506	47
333	[4547]	506	47
334	[2526]	506	47
335	[1665]	505	47
336	[5712]	505	47
337	[6193]	504	47
338	[3847]	504	47
339	[1339]	504	47
340	[5980]	504	47
341	[2642]	504	47
342	[5996]	503	47
343	[5505]	503	47
344	[4377]	503	47
345	[3324]	503	47
346	[4930]	502	47
347	[1258]	502	47
348	[3770]	502	47
349	[5811]	502	47
350	[4519]	501	47
351	[3574]	500	47
352	[4087]	500	47
353	[2337]	500	47
354	[176]	500	47
355	[2619]	500	47
356	[4534]	500	47
357	[498]	500	47
358	[5910]	500	47
359	[5199]	499	46
360	[6221]	499	46
361	[812]	499	46
362	[384]	498	46
363	[5439]	498	46
364	[3824]	498	46
365	[5855]	498	46
366	[4010]	498	46
367	[5837]	497	46
368	[1159]	497	46
369	[6219]	497	46
370	[3688]	497	46
371	[4026]	496	46
372	[5854]	496	46
373	[295]	496	46
374	[1126]	496	46
375	[1510]	496	46
376	[423]	496	46
377	[1730]	495	46
378	[3490]	495	46
379	[6012]	495	46
380	[1662]	495	46
381	[3005]	495	46
382	[3930]	495	46
383	[4646]	494	46
384	[4590]	494	46
385	[3506]	494	46
386	[3853]	494	46
387	[5686]	494	46
388	[1325]	493	46
389	[4188]	493	46
390	[2634]	492	45
391	[107]	492	45
392	[3260]	492	45
393	[4536]	492	45
394	[4945]	492	45
395	[1991]	492	45
396	[836]	490	45
397	[4159]	490	45
398	[5012]	490	45
399	[4905]	490	45
400	[686]	489	45
401	[3602]	489	45
402	[1701]	489	45
403	[2415]	489	45
404	[1732]	488	45
405	[181]	488	45
406	[2338]	488	45
407	[4290]	487	45
408	[670]	487	45
409	[287]	487	45
410	[4183]	487	45
411	[5431]	486	45
412	[2655]	486	45
413	[2987]	486	45
414	[5804]	485	44
415	[2761]	485	44
416	[3042]	485	44
417	[1775]	485	44
418	[3880]	484	44
419	[2363]	484	44
420	[188]	484	44
421	[3158]	483	44
422	[68]	483	44
423	[6134]	483	44
424	[4009]	481	44
425	[339]	481	44
426	[6075]	481	44
427	[4329]	481	44
428	[6098]	480	44
429	[3374]	480	44
430	[5572]	479	44
431	[1723]	479	44
432	[5679]	479	44
433	[4508]	478	43
434	[2935]	478	43
435	[5818]	478	43
436	[5817]	477	43
437	[4910]	477	43
438	[1208]	477	43
439	[6070]	476	43
440	[3015]	476	43
441	[236]	476	43
442	[123]	476	43
443	[5518]	475	43
444	[3533]	475	43
445	[932]	474	43
446	[1389]	474	43
447	[4060]	473	43
448	[2383]	473	43
449	[5053]	473	43
450	[5924]	473	43
451	[4625]	473	43
452	[5803]	472	43
453	[839]	472	43
454	[1533]	472	43
455	[1073]	472	43
456	[8]	472	43
457	[5006]	472	43
458	[88]	471	42
459	[5034]	471	42
460	[6144]	471	42
461	[4740]	471	42
462	[1218]	471	42
463	[6032]	471	42
464	[1123]	470	42
465	[2168]	470	42
466	[4450]	469	42
467	[3132]	468	42
468	[1939]	468	42
469	[1860]	468	42
470	[5048]	468	42
471	[4607]	468	42
472	[5050]	468	42
473	[540]	468	42
474	[3230]	468	42
475	[3656]	467	42
476	[5232]	467	42
477	[5834]	467	42
478	[2405]	465	42
479	[296]	464	41
480	[5839]	464	41
481	[4931]	464	41
482	[6175]	464	41
483	[1529]	464	41
484	[5057]	464	41
485	[6072]	463	41
486	[5885]	463	41
487	[623]	463	41
488	[4403]	463	41
489	[5915]	462	41
490	[5805]	462	41
491	[4125]	461	41
492	[1629]	461	41
493	[3414]	461	41
494	[279]	461	41
495	[4744]	460	41
496	[5274]	460	41
497	[4401]	460	41
498	[6055]	459	41
499	[1209]	459	41
500	[3019]	459	41
501	[5417]	458	41
502	[5454]	458	41
503	[538]	458	41
504	[1197]	456	40
505	[5822]	456	40
506	[1700]	454	40
507	[604]	454	40
508	[5024]	453	40
509	[6082]	452	40
510	[5084]	452	40
511	[5930]	452	40
512	[5920]	451	40
513	[4761]	451	40
514	[5976]	450	39
515	[781]	450	39
516	[3926]	450	39
517	[5827]	450	39
518	[3303]	448	39
519	[2202]	447	39
520	[5987]	447	39
521	[6016]	446	39
522	[955]	445	39
523	[2220]	445	39
524	[66]	445	39
525	[3102]	445	39
526	[771]	445	39
527	[3018]	445	39
528	[2733]	444	39
529	[5876]	443	38
530	[5243]	443	38
531	[4335]	443	38
532	[3389]	441	38
533	[1405]	440	38
534	[4828]	438	38
535	[4013]	438	38
536	[422]	436	37
537	[5410]	436	37
538	[1311]	436	37
539	[3527]	436	37
540	[60]	436	37
541	[2283]	435	37
542	[5940]	434	37
543	[980]	434	37
544	[6034]	434	37
545	[1973]	433	37
546	[5690]	432	37
547	[2848]	432	37
548	[3135]	432	37
549	[5897]	432	37
550	[5912]	431	37
551	[190]	431	37
552	[433]	428	36
553	[2370]	427	36
554	[3965]	427	36
555	[3646]	426	36
556	[2080]	425	36
557	[5847]	424	36
558	[1729]	424	36
559	[3562]	423	36
560	[3630]	422	35
561	[3961]	421	35
562	[5846]	421	35
563	[5892]	419	35
564	[1156]	417	35
565	[5858]	414	34
566	[4121]	413	34
567	[5879]	413	34
568	[4592]	411	34
569	[2907]	411	34
570	[11]	410	34
571	[5899]	408	33
572	[1622]	408	33
573	[5809]	407	33
574	[1868]	407	33
575	[3655]	405	33
576	[5422]	403	33
577	[5333]	401	32
578	[3021]	399	32
579	[3786]	393	31
580	[4061]	392	31
581	[5332]	385	30
582	[1369]	377	29
583	[51]	372	28
584	[4455]	358	26
585	[2102]	354	26
586	[1143]	258	12
587	[5404]	258	12
588	[2438]	258	12
589	[3735]	246	10
590	[6025]	234	9
591	[3397]	234	9
592	[3049]	228	8
593	[5450]	222	7
594	[537]	210	5
595	[3288]	210	5
596	[3560]	210	5
597	[5872]	207	5
598	[5870]	207	5
599	[4301]	174	0
last update: Sat Apr 30 2016 02:25:21 GMT+0800 (HKT)