last update: Sun May 01 2016 01:35:02 GMT+0800 (HKT)

order	team	score	std
0	[67]	929	100
1	[195]	902	96
2	[1718]	883	94
3	[133]	877	93
4	[2056]	870	92
5	[1678]	862	91
6	[1690]	852	90
7	[694]	852	90
8	[1519]	851	90
9	[148]	850	90
10	[330]	847	89
11	[2122]	846	89
12	[2052]	834	87
13	[2834]	834	87
14	[230]	832	87
15	[2590]	828	87
16	[217]	827	86
17	[971]	808	84
18	[254]	806	84
19	[364]	799	83
20	[1918]	794	82
21	[341]	789	81
22	[3683]	786	81
23	[1241]	785	81
24	[4678]	782	81
25	[3546]	778	80
26	[3476]	773	79
27	[5172]	772	79
28	[3641]	763	78
29	[3130]	759	77
30	[1501]	759	77
31	[4334]	755	77
32	[987]	749	76
33	[5406]	747	76
34	[1024]	744	75
35	[3538]	744	75
36	[910]	736	74
37	[1425]	733	74
38	[2823]	730	74
39	[876]	730	74
40	[294]	728	73
41	[1806]	727	73
42	[225]	727	73
43	[1986]	726	73
44	[5895]	723	73
45	[2481]	721	72
46	[2451]	721	72
47	[379]	717	72
48	[1323]	716	72
49	[166]	715	72
50	[1731]	714	72
51	[5460]	714	72
52	[33]	714	72
53	[3005]	712	71
54	[4564]	712	71
55	[3015]	708	71
56	[365]	708	71
57	[3339]	708	71
58	[2557]	703	70
59	[1756]	702	70
60	[3620]	700	70
61	[3539]	699	70
62	[1197]	698	69
63	[27]	696	69
64	[868]	696	69
65	[118]	695	69
66	[525]	692	69
67	[2137]	692	69
68	[5050]	690	68
69	[4003]	687	68
70	[2013]	685	68
71	[179]	684	68
72	[708]	679	67
73	[25]	677	67
74	[1619]	676	66
75	[16]	673	66
76	[1305]	672	66
77	[1261]	669	66
78	[193]	668	65
79	[85]	664	65
80	[3618]	661	65
81	[3357]	660	64
82	[5150]	654	64
83	[1257]	651	63
84	[4001]	649	63
85	[3481]	649	63
86	[233]	648	63
87	[4028]	647	63
88	[4561]	643	62
89	[125]	643	62
90	[5803]	642	62
91	[639]	638	61
92	[2767]	636	61
93	[360]	634	61
94	[175]	634	61
95	[2648]	634	61
96	[4587]	632	61
97	[842]	631	61
98	[1089]	628	60
99	[1114]	628	60
100	[3238]	628	60
101	[973]	625	60
102	[120]	625	60
103	[4967]	625	60
104	[2614]	623	59
105	[5546]	623	59
106	[3990]	622	59
107	[4488]	622	59
108	[1736]	621	59
109	[1418]	620	59
110	[1640]	619	59
111	[346]	619	59
112	[3937]	619	59
113	[359]	619	59
114	[2474]	619	59
115	[610]	619	59
116	[4451]	619	59
117	[3314]	618	59
118	[3360]	617	59
119	[2194]	617	59
120	[41]	616	59
121	[1538]	615	58
122	[1885]	614	58
123	[3284]	614	58
124	[5813]	613	58
125	[2522]	613	58
126	[1023]	610	58
127	[3663]	609	58
128	[20]	608	57
129	[2637]	608	57
130	[4613]	608	57
131	[2471]	606	57
132	[2383]	606	57
133	[48]	606	57
134	[3044]	604	57
135	[70]	602	57
136	[2485]	600	56
137	[176]	600	56
138	[503]	599	56
139	[4391]	599	56
140	[3478]	599	56
141	[5448]	599	56
142	[122]	598	56
143	[5499]	597	56
144	[229]	596	56
145	[333]	596	56
146	[4103]	596	56
147	[135]	596	56
148	[3309]	595	56
149	[1058]	594	56
150	[2035]	593	55
151	[1011]	591	55
152	[3419]	590	55
153	[303]	590	55
154	[5114]	589	55
155	[2054]	589	55
156	[1747]	589	55
157	[558]	589	55
158	[686]	588	55
159	[177]	586	55
160	[548]	586	55
161	[573]	586	55
162	[1768]	585	54
163	[1662]	585	54
164	[172]	584	54
165	[3042]	584	54
166	[869]	582	54
167	[1137]	582	54
168	[1405]	582	54
169	[5663]	581	54
170	[231]	580	54
171	[4061]	579	54
172	[2046]	579	54
173	[5254]	578	54
174	[2067]	578	54
175	[2438]	578	54
176	[126]	577	53
177	[1625]	577	53
178	[1684]	576	53
179	[1099]	576	53
180	[329]	575	53
181	[2771]	575	53
182	[5437]	575	53
183	[494]	574	53
184	[78]	574	53
185	[4256]	573	53
186	[228]	573	53
187	[4253]	570	52
188	[2439]	570	52
189	[1262]	570	52
190	[1712]	567	52
191	[3352]	567	52
192	[1775]	567	52
193	[1983]	566	52
194	[1143]	566	52
195	[3166]	566	52
196	[3574]	566	52
197	[4276]	565	52
198	[1477]	564	52
199	[1987]	564	52
200	[461]	564	52
201	[2783]	564	52
202	[1540]	563	52
203	[245]	563	52
204	[858]	562	51
205	[3534]	562	51
206	[2655]	561	51
207	[5326]	560	51
208	[180]	560	51
209	[2393]	560	51
210	[2415]	559	51
211	[3970]	558	51
212	[207]	558	51
213	[4469]	557	51
214	[2147]	557	51
215	[1676]	557	51
216	[4362]	556	51
217	[74]	556	51
218	[1124]	556	51
219	[5166]	556	51
220	[4085]	555	50
221	[1710]	555	50
222	[4242]	555	50
223	[45]	555	50
224	[3536]	555	50
225	[3847]	554	50
226	[2403]	553	50
227	[3245]	553	50
228	[321]	552	50
229	[3824]	552	50
230	[5618]	551	50
231	[1481]	551	50
232	[2881]	550	50
233	[4122]	549	50
234	[2996]	548	50
235	[4264]	548	50
236	[5907]	548	50
237	[2586]	547	49
238	[57]	546	49
239	[263]	546	49
240	[6153]	546	49
241	[2486]	546	49
242	[3504]	545	49
243	[904]	545	49
244	[834]	545	49
245	[5878]	545	49
246	[3310]	545	49
247	[4009]	545	49
248	[3098]	545	49
249	[1391]	544	49
250	[1250]	543	49
251	[272]	543	49
252	[2175]	543	49
253	[3211]	543	49
254	[870]	543	49
255	[295]	543	49
256	[1675]	542	49
257	[1746]	541	49
258	[4468]	541	49
259	[1086]	541	49
260	[3932]	540	48
261	[1306]	539	48
262	[5801]	539	48
263	[384]	538	48
264	[4063]	538	48
265	[4384]	537	48
266	[2883]	537	48
267	[4550]	537	48
268	[4329]	537	48
269	[999]	537	48
270	[5472]	536	48
271	[5048]	536	48
272	[6098]	536	48
273	[5167]	536	48
274	[2974]	535	48
275	[6167]	535	48
276	[191]	535	48
277	[1065]	535	48
278	[4241]	535	48
279	[2990]	535	48
280	[3452]	534	48
281	[5914]	532	47
282	[4131]	531	47
283	[2619]	531	47
284	[5933]	531	47
285	[1796]	531	47
286	[6166]	530	47
287	[111]	530	47
288	[1153]	530	47
289	[3604]	529	47
290	[4499]	529	47
291	[4920]	527	47
292	[123]	527	47
293	[1730]	527	47
294	[5832]	527	47
295	[4060]	527	47
296	[2987]	527	47
297	[1533]	527	47
298	[3234]	526	47
299	[401]	526	47
300	[1310]	526	47
301	[4905]	526	47
302	[2081]	526	47
303	[6086]	525	46
304	[5016]	525	46
305	[2468]	525	46
306	[2445]	525	46
307	[2337]	524	46
308	[6025]	524	46
309	[5199]	523	46
310	[2846]	523	46
311	[1836]	521	46
312	[4911]	521	46
313	[5913]	520	46
314	[5518]	520	46
315	[5818]	519	46
316	[5279]	519	46
317	[4525]	518	46
318	[4180]	518	46
319	[3147]	518	46
320	[319]	518	46
321	[60]	518	46
322	[4290]	517	45
323	[1318]	517	45
324	[2502]	517	45
325	[181]	516	45
326	[2363]	516	45
327	[3770]	516	45
328	[1258]	516	45
329	[5124]	516	45
330	[5842]	515	45
331	[3602]	515	45
332	[4183]	515	45
333	[5980]	515	45
334	[3688]	515	45
335	[1559]	515	45
336	[3128]	514	45
337	[4377]	514	45
338	[6221]	514	45
339	[5851]	514	45
340	[4330]	513	45
341	[5030]	513	45
342	[6035]	512	45
343	[423]	512	45
344	[4216]	512	45
345	[107]	512	45
346	[2733]	512	45
347	[1296]	511	45
348	[5039]	511	45
349	[5098]	510	45
350	[6144]	509	44
351	[1529]	508	44
352	[5712]	507	44
353	[1511]	507	44
354	[5830]	507	44
355	[4146]	507	44
356	[5624]	506	44
357	[5404]	506	44
358	[1769]	505	44
359	[6171]	505	44
360	[68]	505	44
361	[4010]	504	44
362	[3637]	503	44
363	[5872]	503	44
364	[287]	503	44
365	[1701]	503	44
366	[1126]	502	43
367	[5891]	501	43
368	[2634]	500	43
369	[2980]	500	43
370	[5450]	500	43
371	[5505]	500	43
372	[2168]	500	43
373	[3039]	500	43
374	[1648]	500	43
375	[5920]	499	43
376	[5439]	499	43
377	[2642]	499	43
378	[4930]	499	43
379	[4534]	498	43
380	[3506]	498	43
381	[1764]	498	43
382	[2638]	498	43
383	[3260]	498	43
384	[4646]	497	43
385	[1723]	497	43
386	[5837]	497	43
387	[1339]	497	43
388	[6175]	497	43
389	[836]	496	43
390	[5431]	496	43
391	[5006]	496	43
392	[4405]	496	43
393	[5910]	496	43
394	[4519]	495	43
395	[5677]	495	43
396	[279]	494	42
397	[2848]	494	42
398	[4403]	494	42
399	[141]	494	42
400	[3930]	493	42
401	[103]	493	42
402	[3397]	493	42
403	[5924]	493	42
404	[5996]	492	42
405	[3853]	492	42
406	[1671]	492	42
407	[812]	492	42
408	[2341]	492	42
409	[5804]	491	42
410	[2064]	491	42
411	[2978]	491	42
412	[1510]	490	42
413	[4159]	490	42
414	[1325]	489	42
415	[5900]	489	42
416	[4536]	489	42
417	[5816]	489	42
418	[5726]	489	42
419	[339]	488	42
420	[3656]	488	42
421	[3880]	488	42
422	[5053]	487	41
423	[6193]	487	41
424	[4450]	487	41
425	[4188]	487	41
426	[5885]	487	41
427	[3490]	487	41
428	[5811]	487	41
429	[8]	486	41
430	[5401]	486	41
431	[4945]	486	41
432	[188]	486	41
433	[6219]	486	41
434	[1389]	486	41
435	[5926]	486	41
436	[498]	485	41
437	[4931]	483	41
438	[5686]	483	41
439	[6220]	483	41
440	[6134]	483	41
441	[4508]	483	41
442	[4087]	482	41
443	[2935]	482	41
444	[1311]	482	41
445	[771]	481	41
446	[3019]	481	41
447	[670]	481	41
448	[3230]	481	41
449	[4547]	480	41
450	[597]	480	41
451	[5854]	480	41
452	[5817]	479	40
453	[1923]	479	40
454	[3414]	479	40
455	[5839]	478	40
456	[3324]	478	40
457	[746]	478	40
458	[5822]	478	40
459	[1208]	477	40
460	[2526]	477	40
461	[3135]	477	40
462	[1902]	477	40
463	[1732]	476	40
464	[2202]	475	40
465	[6012]	475	40
466	[3018]	475	40
467	[4039]	475	40
468	[4026]	475	40
469	[5274]	475	40
470	[3132]	474	40
471	[422]	474	40
472	[540]	472	39
473	[6032]	472	39
474	[5976]	472	39
475	[5930]	472	39
476	[4607]	471	39
477	[4125]	471	39
478	[236]	471	39
479	[2761]	471	39
480	[4625]	470	39
481	[190]	469	39
482	[4740]	468	39
483	[5855]	468	39
484	[5805]	468	39
485	[1218]	468	39
486	[5232]	467	39
487	[623]	467	39
488	[5034]	466	39
489	[4590]	466	39
490	[4744]	466	39
491	[1991]	466	39
492	[5846]	465	39
493	[3102]	465	39
494	[5084]	464	38
495	[6075]	463	38
496	[3925]	462	38
497	[5690]	462	38
498	[88]	461	38
499	[2405]	461	38
500	[5679]	461	38
501	[4135]	460	38
502	[3533]	460	38
503	[6070]	460	38
504	[3158]	459	38
505	[1860]	459	38
506	[4761]	459	38
507	[6055]	459	38
508	[5858]	459	38
509	[5572]	458	38
510	[955]	458	38
511	[1159]	456	37
512	[5410]	456	37
513	[604]	454	37
514	[1073]	454	37
515	[5012]	453	37
516	[3374]	453	37
517	[5870]	453	37
518	[932]	453	37
519	[4013]	452	37
520	[1629]	452	37
521	[5834]	452	37
522	[2212]	451	37
523	[1665]	451	37
524	[5024]	451	37
525	[3926]	450	37
526	[839]	450	37
527	[5417]	449	36
528	[5827]	448	36
529	[5915]	447	36
530	[5332]	447	36
531	[1939]	447	36
532	[5454]	446	36
533	[6016]	446	36
534	[1123]	446	36
535	[66]	446	36
536	[2220]	445	36
537	[2370]	445	36
538	[5422]	444	36
539	[3049]	444	36
540	[538]	443	36
541	[5057]	443	36
542	[2338]	443	36
543	[2907]	443	36
544	[1209]	443	36
545	[1700]	442	35
546	[537]	442	35
547	[5847]	442	35
548	[2102]	442	35
549	[3735]	441	35
550	[3303]	441	35
551	[5987]	441	35
552	[3646]	440	35
553	[6082]	440	35
554	[296]	439	35
555	[3630]	438	35
556	[3961]	437	35
557	[3600]	436	35
558	[4910]	436	35
559	[1156]	435	35
560	[5940]	434	34
561	[2283]	433	34
562	[5333]	433	34
563	[11]	432	34
564	[5912]	431	34
565	[5876]	431	34
566	[6072]	430	34
567	[3389]	429	34
568	[781]	429	34
569	[4828]	428	34
570	[5243]	428	34
571	[1973]	427	34
572	[3021]	427	34
573	[3655]	425	33
574	[3965]	425	33
575	[3527]	424	33
576	[980]	424	33
577	[3562]	423	33
578	[5897]	423	33
579	[4121]	420	33
580	[5892]	419	32
581	[1868]	419	32
582	[433]	415	32
583	[4401]	415	32
584	[4335]	413	32
585	[5879]	413	32
586	[1729]	413	32
587	[3786]	411	31
588	[1622]	408	31
589	[4592]	407	31
590	[5899]	405	31
591	[3288]	404	30
592	[51]	400	30
593	[5809]	398	30
594	[6034]	392	29
595	[2080]	371	26
596	[1369]	368	26
597	[4455]	358	24
598	[3560]	210	5
599	[4301]	174	0
last update: Sun May 01 2016 01:35:02 GMT+0800 (HKT)