last update: Sat Apr 30 2016 00:38:27 GMT+0800 (HKT)

order	team	score	std
0	[1519]	875	100
1	[1241]	865	99
2	[195]	810	91
3	[973]	810	91
4	[2451]	785	87
5	[67]	770	85
6	[254]	741	81
7	[27]	730	79
8	[133]	729	79
9	[118]	728	79
10	[230]	721	78
11	[3620]	716	77
12	[4001]	715	77
13	[2823]	705	76
14	[5172]	703	75
15	[971]	699	75
16	[987]	695	74
17	[166]	694	74
18	[16]	688	73
19	[148]	688	73
20	[225]	678	72
21	[1024]	676	72
22	[4003]	675	71
23	[1806]	665	70
24	[2035]	665	70
25	[2056]	662	70
26	[5895]	660	69
27	[5546]	650	68
28	[48]	650	68
29	[610]	647	67
30	[360]	646	67
31	[708]	644	67
32	[3314]	643	67
33	[2614]	640	66
34	[1391]	640	66
35	[1918]	638	66
36	[4564]	635	66
37	[333]	635	66
38	[868]	634	66
39	[1678]	634	66
40	[876]	634	66
41	[3641]	633	65
42	[2767]	629	65
43	[1114]	628	65
44	[122]	622	64
45	[1731]	620	64
46	[3357]	620	64
47	[1425]	620	64
48	[4678]	619	63
49	[2471]	618	63
50	[2393]	617	63
51	[1323]	617	63
52	[1736]	617	63
53	[330]	616	63
54	[294]	616	63
55	[1885]	614	63
56	[2485]	614	63
57	[3663]	613	63
58	[2996]	611	62
59	[558]	610	62
60	[3476]	609	62
61	[1011]	607	62
62	[2052]	605	61
63	[41]	605	61
64	[3130]	605	61
65	[245]	605	61
66	[842]	605	61
67	[4587]	604	61
68	[2137]	603	61
69	[359]	602	61
70	[3238]	602	61
71	[5663]	602	61
72	[6167]	601	61
73	[1305]	601	61
74	[2122]	601	61
75	[910]	600	61
76	[1538]	600	61
77	[4967]	600	61
78	[70]	599	61
79	[125]	599	61
80	[5150]	599	61
81	[4561]	599	61
82	[2403]	598	60
83	[548]	598	60
84	[1718]	597	60
85	[5891]	597	60
86	[3044]	596	60
87	[1690]	595	60
88	[229]	594	60
89	[3538]	593	60
90	[172]	593	60
91	[3452]	593	60
92	[5499]	593	60
93	[4039]	592	60
94	[639]	592	60
95	[2557]	591	59
96	[2046]	591	59
97	[25]	591	59
98	[1747]	591	59
99	[2834]	591	59
100	[2637]	590	59
101	[2590]	589	59
102	[3419]	589	59
103	[2481]	588	59
104	[5406]	588	59
105	[20]	588	59
106	[694]	588	59
107	[4451]	587	59
108	[2054]	586	59
109	[3683]	586	59
110	[1501]	585	59
111	[4103]	584	58
112	[4242]	583	58
113	[329]	581	58
114	[1676]	581	58
115	[5114]	580	58
116	[33]	580	58
117	[3309]	580	58
118	[5813]	579	58
119	[3937]	579	58
120	[3618]	579	58
121	[5460]	579	58
122	[2147]	578	58
123	[858]	577	57
124	[3245]	577	57
125	[461]	576	57
126	[3990]	576	57
127	[4391]	576	57
128	[175]	575	57
129	[179]	575	57
130	[85]	575	57
131	[2522]	575	57
132	[1477]	573	57
133	[4488]	571	57
134	[217]	570	56
135	[3478]	570	56
136	[319]	570	56
137	[3310]	569	56
138	[2081]	569	56
139	[1481]	569	56
140	[1099]	569	56
141	[4469]	569	56
142	[2175]	568	56
143	[2502]	568	56
144	[1987]	567	56
145	[4264]	567	56
146	[126]	567	56
147	[2771]	566	56
148	[1124]	565	56
149	[3234]	565	56
150	[1712]	565	56
151	[3970]	565	56
152	[177]	564	56
153	[1418]	563	55
154	[1684]	562	55
155	[2439]	562	55
156	[904]	562	55
157	[228]	562	55
158	[3481]	562	55
159	[5914]	562	55
160	[4613]	562	55
161	[5907]	561	55
162	[45]	561	55
163	[1261]	561	55
164	[3098]	560	55
165	[1768]	559	55
166	[1746]	558	55
167	[1306]	558	55
168	[5618]	557	55
169	[5832]	557	55
170	[4085]	556	54
171	[2648]	556	54
172	[2486]	556	54
173	[346]	556	54
174	[303]	556	54
175	[2846]	556	54
176	[364]	555	54
177	[2883]	555	54
178	[1511]	555	54
179	[3504]	555	54
180	[365]	554	54
181	[4241]	554	54
182	[78]	554	54
183	[494]	553	54
184	[5448]	553	54
185	[379]	553	54
186	[231]	552	54
187	[573]	552	54
188	[2468]	552	54
189	[1559]	551	54
190	[869]	551	54
191	[1640]	551	54
192	[2067]	550	54
193	[2881]	550	54
194	[1058]	550	54
195	[3339]	550	54
196	[4330]	550	54
197	[1023]	549	53
198	[1764]	549	53
199	[4550]	547	53
200	[525]	546	53
201	[5801]	546	53
202	[5254]	546	53
203	[4920]	546	53
204	[1540]	546	53
205	[834]	545	53
206	[4525]	545	53
207	[191]	544	53
208	[3166]	544	53
209	[4256]	543	53
210	[4063]	543	53
211	[5016]	543	53
212	[2013]	543	53
213	[3039]	542	52
214	[5167]	542	52
215	[1318]	541	52
216	[5401]	541	52
217	[1619]	540	52
218	[4334]	540	52
219	[1250]	539	52
220	[1137]	539	52
221	[1983]	539	52
222	[193]	538	52
223	[2064]	538	52
224	[5677]	537	52
225	[1710]	537	52
226	[2783]	537	52
227	[3352]	537	52
228	[999]	536	52
229	[5472]	536	52
230	[180]	536	52
231	[135]	535	51
232	[503]	535	51
233	[4911]	534	51
234	[4146]	534	51
235	[5437]	533	51
236	[3688]	533	51
237	[1089]	533	51
238	[5039]	532	51
239	[5326]	532	51
240	[1310]	532	51
241	[3539]	532	51
242	[3536]	532	51
243	[4276]	532	51
244	[1796]	531	51
245	[3360]	531	51
246	[597]	531	51
247	[2990]	531	51
248	[5166]	530	51
249	[1923]	530	51
250	[3604]	529	51
251	[4028]	529	51
252	[5851]	529	51
253	[233]	529	51
254	[1262]	529	51
255	[5933]	529	51
256	[1257]	528	50
257	[3600]	527	50
258	[5830]	527	50
259	[2474]	527	50
260	[1648]	527	50
261	[3637]	526	50
262	[2341]	526	50
263	[5124]	526	50
264	[6220]	525	50
265	[5279]	525	50
266	[6035]	525	50
267	[3546]	524	50
268	[4905]	524	50
269	[74]	524	50
270	[1065]	523	50
271	[1986]	522	50
272	[5817]	522	50
273	[1625]	522	50
274	[103]	522	50
275	[141]	522	50
276	[3284]	521	50
277	[111]	521	50
278	[6166]	521	50
279	[4499]	520	49
280	[4131]	519	49
281	[5842]	519	49
282	[4216]	519	49
283	[401]	519	49
284	[870]	519	49
285	[5816]	519	49
286	[5624]	518	49
287	[1836]	518	49
288	[2638]	518	49
289	[3147]	518	49
290	[2980]	518	49
291	[263]	517	49
292	[3128]	517	49
293	[1675]	517	49
294	[2586]	516	49
295	[5900]	516	49
296	[5505]	515	49
297	[4362]	515	49
298	[4468]	515	49
299	[2974]	515	49
300	[3534]	514	49
301	[4180]	514	49
302	[3925]	514	49
303	[120]	514	49
304	[57]	513	48
305	[341]	513	48
306	[2978]	513	48
307	[1902]	512	48
308	[1086]	512	48
309	[207]	512	48
310	[6219]	512	48
311	[746]	511	48
312	[6086]	511	48
313	[4135]	511	48
314	[2212]	511	48
315	[1296]	511	48
316	[321]	510	48
317	[5686]	510	48
318	[1756]	510	48
319	[6153]	510	48
320	[4405]	509	48
321	[2194]	509	48
322	[5878]	509	48
323	[3932]	509	48
324	[2445]	507	48
325	[5726]	507	48
326	[5926]	507	48
327	[4547]	506	47
328	[4253]	506	47
329	[2526]	506	47
330	[5913]	505	47
331	[5712]	505	47
332	[1665]	505	47
333	[5980]	504	47
334	[3847]	504	47
335	[1339]	504	47
336	[6193]	504	47
337	[2642]	504	47
338	[5996]	503	47
339	[5098]	503	47
340	[4377]	503	47
341	[3324]	503	47
342	[5811]	502	47
343	[5854]	502	47
344	[3770]	502	47
345	[1258]	502	47
346	[4519]	501	47
347	[5030]	501	47
348	[4534]	500	47
349	[5910]	500	47
350	[2619]	500	47
351	[3574]	500	47
352	[4087]	500	47
353	[2337]	500	47
354	[498]	500	47
355	[176]	500	47
356	[5199]	499	46
357	[812]	499	46
358	[3824]	498	46
359	[5855]	498	46
360	[2415]	498	46
361	[4010]	498	46
362	[384]	498	46
363	[4590]	498	46
364	[5837]	497	46
365	[1159]	497	46
366	[4009]	496	46
367	[4026]	496	46
368	[3211]	496	46
369	[295]	496	46
370	[1510]	496	46
371	[3490]	495	46
372	[3930]	495	46
373	[3005]	495	46
374	[1671]	495	46
375	[1662]	495	46
376	[1730]	495	46
377	[6012]	495	46
378	[1153]	494	46
379	[4646]	494	46
380	[3506]	494	46
381	[1325]	493	46
382	[4384]	493	46
383	[1126]	493	46
384	[4188]	493	46
385	[107]	492	45
386	[1991]	492	45
387	[3260]	492	45
388	[4945]	492	45
389	[4536]	492	45
390	[2634]	492	45
391	[5012]	490	45
392	[4159]	490	45
393	[836]	490	45
394	[3602]	489	45
395	[1701]	489	45
396	[686]	489	45
397	[6098]	489	45
398	[6171]	488	45
399	[181]	488	45
400	[2338]	488	45
401	[4930]	488	45
402	[1732]	488	45
403	[4290]	487	45
404	[4183]	487	45
405	[287]	487	45
406	[670]	487	45
407	[5431]	486	45
408	[2655]	486	45
409	[2987]	486	45
410	[423]	486	45
411	[2761]	485	44
412	[6221]	485	44
413	[1775]	485	44
414	[5804]	485	44
415	[2363]	484	44
416	[188]	484	44
417	[5885]	484	44
418	[3880]	484	44
419	[272]	483	44
420	[68]	483	44
421	[6134]	483	44
422	[3158]	483	44
423	[4329]	481	44
424	[339]	481	44
425	[5053]	481	44
426	[5439]	480	44
427	[3374]	480	44
428	[1723]	479	44
429	[5679]	479	44
430	[5818]	478	43
431	[4508]	478	43
432	[3533]	478	43
433	[2935]	478	43
434	[1208]	477	43
435	[4910]	477	43
436	[3015]	476	43
437	[236]	476	43
438	[123]	476	43
439	[6070]	476	43
440	[4122]	475	43
441	[5518]	475	43
442	[1389]	474	43
443	[932]	474	43
444	[3042]	473	43
445	[2383]	473	43
446	[4625]	473	43
447	[4060]	473	43
448	[5924]	473	43
449	[8]	472	43
450	[1533]	472	43
451	[5006]	472	43
452	[839]	472	43
453	[1073]	472	43
454	[5803]	472	43
455	[5034]	471	42
456	[88]	471	42
457	[4740]	471	42
458	[1218]	471	42
459	[6144]	471	42
460	[1123]	470	42
461	[2168]	470	42
462	[4450]	469	42
463	[5572]	469	42
464	[3230]	468	42
465	[5050]	468	42
466	[5048]	468	42
467	[1939]	468	42
468	[1860]	468	42
469	[4607]	468	42
470	[540]	468	42
471	[3656]	467	42
472	[5834]	467	42
473	[5232]	467	42
474	[296]	464	41
475	[6175]	464	41
476	[1529]	464	41
477	[4931]	464	41
478	[5839]	464	41
479	[6072]	463	41
480	[4403]	463	41
481	[623]	463	41
482	[5915]	462	41
483	[5805]	462	41
484	[3132]	462	41
485	[1629]	461	41
486	[279]	461	41
487	[3414]	461	41
488	[2405]	461	41
489	[4125]	461	41
490	[5274]	460	41
491	[60]	460	41
492	[4744]	460	41
493	[3019]	459	41
494	[1209]	459	41
495	[5987]	459	41
496	[6055]	459	41
497	[538]	458	41
498	[5454]	458	41
499	[5417]	458	41
500	[5822]	456	40
501	[3853]	456	40
502	[1197]	456	40
503	[604]	454	40
504	[1700]	454	40
505	[5024]	453	40
506	[66]	453	40
507	[6082]	452	40
508	[5084]	452	40
509	[5930]	452	40
510	[4761]	451	40
511	[5920]	451	40
512	[5827]	450	39
513	[5976]	450	39
514	[3926]	450	39
515	[781]	450	39
516	[6032]	450	39
517	[2202]	447	39
518	[6075]	447	39
519	[3303]	446	39
520	[5057]	446	39
521	[6016]	446	39
522	[955]	445	39
523	[3018]	445	39
524	[2220]	445	39
525	[771]	445	39
526	[3102]	445	39
527	[2733]	444	39
528	[4335]	443	38
529	[5876]	443	38
530	[5243]	443	38
531	[4401]	442	38
532	[3389]	441	38
533	[2907]	441	38
534	[1405]	440	38
535	[4013]	438	38
536	[1311]	436	37
537	[3527]	436	37
538	[422]	436	37
539	[2283]	435	37
540	[6034]	434	37
541	[980]	434	37
542	[5940]	434	37
543	[1973]	433	37
544	[3135]	432	37
545	[2848]	432	37
546	[5897]	432	37
547	[5690]	432	37
548	[190]	431	37
549	[433]	428	36
550	[2370]	427	36
551	[3965]	427	36
552	[3646]	426	36
553	[2080]	425	36
554	[1729]	424	36
555	[3562]	423	36
556	[3630]	422	35
557	[3961]	421	35
558	[5846]	421	35
559	[5410]	420	35
560	[5892]	419	35
561	[1156]	417	35
562	[5912]	417	35
563	[5858]	414	34
564	[5879]	413	34
565	[4121]	413	34
566	[4592]	411	34
567	[11]	410	34
568	[5899]	408	33
569	[3021]	408	33
570	[1622]	408	33
571	[5809]	407	33
572	[1868]	407	33
573	[4828]	405	33
574	[3655]	405	33
575	[5422]	403	33
576	[5333]	401	32
577	[3786]	393	31
578	[4061]	392	31
579	[5332]	385	30
580	[1369]	377	29
581	[51]	372	28
582	[4455]	358	26
583	[2102]	354	26
584	[5404]	258	12
585	[2438]	258	12
586	[1143]	258	12
587	[3735]	246	10
588	[6025]	246	10
589	[1769]	234	9
590	[3397]	234	9
591	[3049]	228	8
592	[5450]	222	7
593	[3288]	216	6
594	[5847]	216	6
595	[537]	210	5
596	[3560]	210	5
597	[5872]	207	5
598	[5870]	207	5
599	[4301]	174	0
last update: Sat Apr 30 2016 00:38:27 GMT+0800 (HKT)