last update: Sat Apr 30 2016 23:58:02 GMT+0800 (HKT)

order	team	score	std
0	[973]	1015	100
1	[1718]	883	84
2	[195]	866	82
3	[2451]	865	82
4	[254]	861	82
5	[1519]	851	80
6	[2122]	840	79
7	[2056]	836	79
8	[2590]	828	78
9	[694]	826	78
10	[1690]	826	78
11	[1678]	822	77
12	[148]	820	77
13	[2052]	816	76
14	[1241]	806	75
15	[1918]	794	74
16	[230]	788	73
17	[330]	782	72
18	[217]	781	72
19	[3546]	778	72
20	[133]	773	71
21	[5172]	772	71
22	[3683]	768	71
23	[2481]	766	70
24	[3620]	763	70
25	[179]	756	69
26	[4334]	755	69
27	[341]	753	69
28	[364]	751	69
29	[4678]	746	68
30	[67]	743	68
31	[610]	742	68
32	[5460]	738	67
33	[5895]	738	67
34	[1425]	733	66
35	[708]	732	66
36	[2823]	730	66
37	[3476]	729	66
38	[294]	728	66
39	[225]	727	66
40	[1501]	727	66
41	[3538]	724	65
42	[1806]	718	65
43	[166]	715	64
44	[4564]	715	64
45	[1731]	714	64
46	[987]	713	64
47	[971]	713	64
48	[1024]	710	64
49	[365]	708	63
50	[3641]	697	62
51	[3357]	696	62
52	[876]	696	62
53	[27]	696	62
54	[868]	696	62
55	[118]	695	62
56	[1986]	694	62
57	[2137]	692	62
58	[525]	692	62
59	[85]	691	61
60	[379]	685	61
61	[2013]	685	61
62	[33]	684	61
63	[1619]	682	60
64	[3005]	680	60
65	[558]	679	60
66	[3539]	678	60
67	[5406]	678	60
68	[25]	677	60
69	[2557]	677	60
70	[1323]	674	59
71	[16]	673	59
72	[910]	672	59
73	[639]	670	59
74	[1261]	669	59
75	[4003]	669	59
76	[3339]	668	59
77	[1305]	663	58
78	[1197]	662	58
79	[3937]	661	58
80	[3618]	661	58
81	[2834]	659	58
82	[5050]	658	58
83	[494]	657	57
84	[3015]	656	57
85	[5150]	654	57
86	[120]	654	57
87	[4001]	649	56
88	[3481]	649	56
89	[1257]	649	56
90	[4028]	647	56
91	[125]	643	56
92	[4561]	643	56
93	[5803]	642	56
94	[2767]	636	55
95	[360]	634	55
96	[175]	634	55
97	[4587]	632	54
98	[842]	631	54
99	[1114]	628	54
100	[3238]	628	54
101	[1089]	628	54
102	[3130]	627	54
103	[4967]	625	54
104	[5546]	623	53
105	[2614]	623	53
106	[3990]	622	53
107	[1756]	622	53
108	[4488]	622	53
109	[1736]	621	53
110	[1418]	620	53
111	[359]	619	53
112	[2474]	619	53
113	[1640]	619	53
114	[346]	619	53
115	[4451]	619	53
116	[3314]	618	53
117	[2194]	617	53
118	[319]	617	53
119	[41]	616	53
120	[1538]	615	52
121	[2648]	614	52
122	[1885]	614	52
123	[3284]	614	52
124	[5813]	613	52
125	[2522]	613	52
126	[1023]	610	52
127	[3663]	609	52
128	[2637]	608	52
129	[20]	608	52
130	[4613]	608	52
131	[48]	606	51
132	[2471]	606	51
133	[3044]	604	51
134	[70]	602	51
135	[2485]	600	51
136	[233]	600	51
137	[176]	600	51
138	[5448]	599	51
139	[503]	599	51
140	[2502]	599	51
141	[4391]	599	51
142	[3478]	599	51
143	[122]	598	50
144	[5499]	597	50
145	[333]	596	50
146	[4103]	596	50
147	[229]	596	50
148	[135]	596	50
149	[3309]	595	50
150	[1058]	594	50
151	[2035]	593	50
152	[1011]	591	50
153	[303]	590	49
154	[2054]	589	49
155	[5114]	589	49
156	[1747]	589	49
157	[686]	588	49
158	[3360]	587	49
159	[177]	586	49
160	[548]	586	49
161	[573]	586	49
162	[1768]	585	49
163	[172]	584	49
164	[180]	584	49
165	[3042]	584	49
166	[1137]	582	49
167	[869]	582	49
168	[5663]	581	48
169	[231]	580	48
170	[2046]	579	48
171	[2438]	578	48
172	[5254]	578	48
173	[2067]	578	48
174	[126]	577	48
175	[1625]	577	48
176	[1684]	576	48
177	[1099]	576	48
178	[329]	575	48
179	[2771]	575	48
180	[5437]	575	48
181	[78]	574	48
182	[228]	573	47
183	[4256]	573	47
184	[3166]	572	47
185	[2439]	570	47
186	[1262]	570	47
187	[3419]	570	47
188	[4253]	570	47
189	[3352]	567	47
190	[1712]	567	47
191	[3574]	566	47
192	[2383]	566	47
193	[1143]	566	47
194	[1983]	566	47
195	[1662]	565	46
196	[4276]	565	46
197	[2783]	564	46
198	[1477]	564	46
199	[1987]	564	46
200	[193]	564	46
201	[461]	564	46
202	[245]	563	46
203	[1540]	563	46
204	[3534]	562	46
205	[858]	562	46
206	[2655]	561	46
207	[5326]	560	46
208	[2393]	560	46
209	[2415]	559	46
210	[3970]	558	46
211	[207]	558	46
212	[4469]	557	46
213	[1676]	557	46
214	[2147]	557	46
215	[5166]	556	45
216	[1124]	556	45
217	[74]	556	45
218	[4362]	556	45
219	[1710]	555	45
220	[45]	555	45
221	[4085]	555	45
222	[4242]	555	45
223	[3536]	555	45
224	[3847]	554	45
225	[2403]	553	45
226	[3245]	553	45
227	[321]	552	45
228	[3824]	552	45
229	[5618]	551	45
230	[1481]	551	45
231	[2881]	550	45
232	[4122]	549	45
233	[4264]	548	44
234	[2996]	548	44
235	[5907]	548	44
236	[2586]	547	44
237	[263]	546	44
238	[57]	546	44
239	[6153]	546	44
240	[2486]	546	44
241	[3504]	545	44
242	[3098]	545	44
243	[834]	545	44
244	[4009]	545	44
245	[3310]	545	44
246	[5878]	545	44
247	[904]	545	44
248	[1391]	544	44
249	[3211]	543	44
250	[295]	543	44
251	[2175]	543	44
252	[272]	543	44
253	[870]	543	44
254	[1250]	543	44
255	[1675]	542	44
256	[1086]	541	44
257	[4468]	541	44
258	[1746]	541	44
259	[3932]	540	44
260	[1306]	539	43
261	[5801]	539	43
262	[4063]	538	43
263	[384]	538	43
264	[4329]	537	43
265	[2883]	537	43
266	[4384]	537	43
267	[4550]	537	43
268	[5048]	536	43
269	[5472]	536	43
270	[5167]	536	43
271	[6098]	536	43
272	[6167]	535	43
273	[2990]	535	43
274	[2974]	535	43
275	[999]	535	43
276	[191]	535	43
277	[4241]	535	43
278	[3452]	534	43
279	[5914]	532	43
280	[2619]	531	42
281	[1796]	531	42
282	[5933]	531	42
283	[4131]	531	42
284	[1153]	530	42
285	[6166]	530	42
286	[111]	530	42
287	[3604]	529	42
288	[4499]	529	42
289	[1533]	527	42
290	[1730]	527	42
291	[2987]	527	42
292	[4920]	527	42
293	[4060]	527	42
294	[5832]	527	42
295	[123]	527	42
296	[1310]	526	42
297	[2081]	526	42
298	[3234]	526	42
299	[4905]	526	42
300	[401]	526	42
301	[5016]	525	42
302	[2468]	525	42
303	[2445]	525	42
304	[6086]	525	42
305	[6025]	524	42
306	[2337]	524	42
307	[5199]	523	41
308	[2846]	523	41
309	[1065]	523	41
310	[4911]	521	41
311	[1836]	521	41
312	[5518]	520	41
313	[5913]	520	41
314	[5818]	519	41
315	[5279]	519	41
316	[3147]	518	41
317	[4180]	518	41
318	[4525]	518	41
319	[60]	518	41
320	[1318]	517	41
321	[4290]	517	41
322	[181]	516	41
323	[3770]	516	41
324	[1258]	516	41
325	[5124]	516	41
326	[2363]	516	41
327	[3602]	515	41
328	[4183]	515	41
329	[1559]	515	41
330	[5842]	515	41
331	[3688]	515	41
332	[5980]	515	41
333	[4377]	514	40
334	[3128]	514	40
335	[6221]	514	40
336	[5851]	514	40
337	[5030]	513	40
338	[4330]	513	40
339	[6035]	512	40
340	[4216]	512	40
341	[107]	512	40
342	[423]	512	40
343	[2733]	512	40
344	[1296]	511	40
345	[5039]	511	40
346	[5098]	510	40
347	[6144]	509	40
348	[1529]	508	40
349	[1775]	507	40
350	[1511]	507	40
351	[5712]	507	40
352	[4146]	507	40
353	[5830]	507	40
354	[5404]	506	39
355	[5624]	506	39
356	[6171]	505	39
357	[68]	505	39
358	[1769]	505	39
359	[4010]	504	39
360	[1701]	503	39
361	[287]	503	39
362	[3637]	503	39
363	[5872]	503	39
364	[1126]	502	39
365	[5891]	501	39
366	[5450]	500	39
367	[1648]	500	39
368	[2168]	500	39
369	[5505]	500	39
370	[3039]	500	39
371	[2634]	500	39
372	[2980]	500	39
373	[2064]	500	39
374	[2642]	499	39
375	[4930]	499	39
376	[5920]	499	39
377	[5439]	499	39
378	[3506]	498	39
379	[2638]	498	39
380	[4534]	498	39
381	[1764]	498	39
382	[3260]	498	39
383	[6175]	497	38
384	[4646]	497	38
385	[1339]	497	38
386	[5837]	497	38
387	[1723]	497	38
388	[5006]	496	38
389	[5431]	496	38
390	[5910]	496	38
391	[836]	496	38
392	[4405]	496	38
393	[4519]	495	38
394	[5677]	495	38
395	[279]	494	38
396	[141]	494	38
397	[4403]	494	38
398	[2848]	494	38
399	[3397]	493	38
400	[5924]	493	38
401	[3930]	493	38
402	[103]	493	38
403	[812]	492	38
404	[1671]	492	38
405	[3853]	492	38
406	[2341]	492	38
407	[5996]	492	38
408	[2978]	491	38
409	[5804]	491	38
410	[4159]	490	38
411	[1510]	490	38
412	[1325]	489	37
413	[4536]	489	37
414	[5900]	489	37
415	[5816]	489	37
416	[5726]	489	37
417	[339]	488	37
418	[3656]	488	37
419	[3880]	488	37
420	[4450]	487	37
421	[4188]	487	37
422	[3490]	487	37
423	[5053]	487	37
424	[5885]	487	37
425	[6193]	487	37
426	[5811]	487	37
427	[5401]	486	37
428	[1389]	486	37
429	[8]	486	37
430	[6219]	486	37
431	[188]	486	37
432	[4945]	486	37
433	[5926]	486	37
434	[498]	485	37
435	[4931]	483	37
436	[4508]	483	37
437	[5686]	483	37
438	[6134]	483	37
439	[6220]	483	37
440	[2935]	482	37
441	[1311]	482	37
442	[4087]	482	37
443	[771]	481	37
444	[3019]	481	37
445	[3230]	481	37
446	[670]	481	37
447	[4547]	480	36
448	[5854]	480	36
449	[597]	480	36
450	[5817]	479	36
451	[1923]	479	36
452	[3414]	479	36
453	[746]	478	36
454	[5822]	478	36
455	[3324]	478	36
456	[5839]	478	36
457	[3135]	477	36
458	[1208]	477	36
459	[2526]	477	36
460	[1902]	477	36
461	[1732]	476	36
462	[4026]	475	36
463	[4039]	475	36
464	[3018]	475	36
465	[5274]	475	36
466	[2202]	475	36
467	[6012]	475	36
468	[422]	474	36
469	[3132]	474	36
470	[5930]	472	35
471	[6032]	472	35
472	[5976]	472	35
473	[540]	472	35
474	[4125]	471	35
475	[2761]	471	35
476	[236]	471	35
477	[4607]	471	35
478	[4625]	470	35
479	[190]	469	35
480	[4061]	468	35
481	[5855]	468	35
482	[5805]	468	35
483	[4740]	468	35
484	[1218]	468	35
485	[5232]	467	35
486	[623]	467	35
487	[4744]	466	35
488	[1991]	466	35
489	[4590]	466	35
490	[5034]	466	35
491	[5846]	465	35
492	[3102]	465	35
493	[5084]	464	34
494	[6075]	463	34
495	[3925]	462	34
496	[5690]	462	34
497	[5679]	461	34
498	[2405]	461	34
499	[88]	461	34
500	[6070]	460	34
501	[4135]	460	34
502	[3533]	460	34
503	[1860]	459	34
504	[4761]	459	34
505	[5858]	459	34
506	[3158]	459	34
507	[6055]	459	34
508	[955]	458	34
509	[5572]	458	34
510	[5410]	456	34
511	[1159]	456	34
512	[604]	454	33
513	[1073]	454	33
514	[5012]	453	33
515	[5870]	453	33
516	[932]	453	33
517	[3374]	453	33
518	[4013]	452	33
519	[1629]	452	33
520	[5834]	452	33
521	[5024]	451	33
522	[2212]	451	33
523	[1665]	451	33
524	[3926]	450	33
525	[839]	450	33
526	[5417]	449	33
527	[5827]	448	33
528	[1939]	447	32
529	[5915]	447	32
530	[5332]	447	32
531	[1123]	446	32
532	[5454]	446	32
533	[66]	446	32
534	[6016]	446	32
535	[2220]	445	32
536	[2370]	445	32
537	[3049]	444	32
538	[5422]	444	32
539	[5057]	443	32
540	[1209]	443	32
541	[2338]	443	32
542	[2907]	443	32
543	[538]	443	32
544	[537]	442	32
545	[5847]	442	32
546	[1700]	442	32
547	[2102]	442	32
548	[3735]	441	32
549	[3303]	441	32
550	[5987]	441	32
551	[3646]	440	32
552	[1405]	440	32
553	[6082]	440	32
554	[296]	439	32
555	[3630]	438	31
556	[3961]	437	31
557	[3600]	436	31
558	[4910]	436	31
559	[1156]	435	31
560	[5940]	434	31
561	[2283]	433	31
562	[5333]	433	31
563	[11]	432	31
564	[5912]	431	31
565	[5876]	431	31
566	[6072]	430	30
567	[3389]	429	30
568	[781]	429	30
569	[5243]	428	30
570	[4828]	428	30
571	[3021]	427	30
572	[1973]	427	30
573	[3655]	425	30
574	[3965]	425	30
575	[980]	424	30
576	[3527]	424	30
577	[5897]	423	30
578	[3562]	423	30
579	[4121]	420	29
580	[5892]	419	29
581	[1868]	419	29
582	[4401]	415	29
583	[433]	415	29
584	[5879]	413	28
585	[1729]	413	28
586	[4335]	413	28
587	[3786]	411	28
588	[1622]	408	28
589	[4592]	407	28
590	[5899]	405	27
591	[3288]	404	27
592	[51]	400	27
593	[5809]	398	27
594	[6034]	392	26
595	[2080]	371	23
596	[1369]	368	23
597	[4455]	358	22
598	[3560]	210	4
599	[4301]	174	0
last update: Sat Apr 30 2016 23:58:02 GMT+0800 (HKT)