last update: Fri Apr 29 2016 23:26:58 GMT+0800 (HKT)

order	team	score	std
0	[1519]	875	100
1	[195]	810	91
2	[973]	810	91
3	[1241]	800	89
4	[3130]	785	87
5	[2834]	750	82
6	[254]	741	81
7	[133]	729	79
8	[3620]	716	77
9	[4001]	715	77
10	[118]	714	77
11	[230]	711	77
12	[2451]	705	76
13	[27]	704	76
14	[5172]	703	75
15	[1024]	700	75
16	[166]	694	74
17	[148]	688	73
18	[16]	688	73
19	[67]	685	73
20	[225]	678	72
21	[4003]	675	71
22	[2823]	675	71
23	[971]	675	71
24	[45]	675	71
25	[2614]	667	70
26	[4564]	665	70
27	[987]	665	70
28	[2035]	665	70
29	[2056]	662	70
30	[5895]	660	69
31	[3166]	655	69
32	[48]	650	68
33	[3357]	647	67
34	[610]	647	67
35	[360]	646	67
36	[5907]	645	67
37	[708]	644	67
38	[3314]	643	67
39	[1806]	640	66
40	[1391]	640	66
41	[1918]	638	66
42	[333]	635	66
43	[4060]	635	66
44	[868]	634	66
45	[876]	634	66
46	[3641]	633	65
47	[2767]	629	65
48	[1114]	628	65
49	[1310]	625	64
50	[3538]	623	64
51	[1323]	623	64
52	[122]	622	64
53	[1425]	620	64
54	[1678]	620	64
55	[1731]	620	64
56	[4678]	619	63
57	[1011]	619	63
58	[2471]	618	63
59	[1736]	617	63
60	[5813]	617	63
61	[294]	616	63
62	[330]	616	63
63	[2137]	615	63
64	[1885]	614	63
65	[558]	610	62
66	[3476]	609	62
67	[910]	609	62
68	[5437]	605	61
69	[1640]	605	61
70	[2052]	605	61
71	[41]	605	61
72	[245]	605	61
73	[2996]	605	61
74	[4587]	604	61
75	[5663]	602	61
76	[359]	602	61
77	[6167]	601	61
78	[4967]	600	61
79	[1538]	600	61
80	[5546]	600	61
81	[4561]	599	61
82	[5150]	599	61
83	[2637]	599	61
84	[125]	599	61
85	[70]	599	61
86	[548]	598	60
87	[3419]	598	60
88	[842]	597	60
89	[5891]	595	60
90	[5114]	595	60
91	[2393]	595	60
92	[2485]	594	60
93	[172]	593	60
94	[3600]	593	60
95	[3452]	593	60
96	[379]	592	60
97	[3970]	592	60
98	[639]	592	60
99	[1747]	591	59
100	[2557]	591	59
101	[2046]	591	59
102	[1690]	589	59
103	[2590]	589	59
104	[2481]	588	59
105	[5406]	588	59
106	[2122]	587	59
107	[4451]	587	59
108	[20]	586	59
109	[1718]	585	59
110	[1501]	585	59
111	[2403]	584	58
112	[4103]	584	58
113	[4242]	583	58
114	[3663]	583	58
115	[2054]	582	58
116	[1676]	581	58
117	[834]	581	58
118	[329]	581	58
119	[3309]	580	58
120	[1305]	580	58
121	[233]	580	58
122	[33]	580	58
123	[25]	579	58
124	[5460]	579	58
125	[1023]	579	58
126	[3937]	579	58
127	[3683]	578	58
128	[2147]	578	58
129	[229]	578	58
130	[2439]	577	57
131	[3245]	577	57
132	[858]	577	57
133	[4391]	576	57
134	[3990]	576	57
135	[2522]	575	57
136	[175]	575	57
137	[1481]	575	57
138	[2771]	575	57
139	[4039]	574	57
140	[1477]	573	57
141	[3310]	572	57
142	[3238]	572	57
143	[179]	571	57
144	[120]	571	57
145	[217]	570	56
146	[3478]	570	56
147	[1836]	569	56
148	[3604]	569	56
149	[2081]	569	56
150	[2175]	568	56
151	[3234]	568	56
152	[5926]	567	56
153	[126]	567	56
154	[1987]	567	56
155	[4264]	567	56
156	[177]	564	56
157	[5677]	564	56
158	[1540]	564	56
159	[1559]	563	55
160	[1418]	563	55
161	[1684]	562	55
162	[4613]	562	55
163	[4085]	562	55
164	[5914]	562	55
165	[3481]	562	55
166	[1124]	561	55
167	[4469]	561	55
168	[694]	560	55
169	[3098]	560	55
170	[78]	560	55
171	[5499]	559	55
172	[1712]	559	55
173	[3618]	559	55
174	[191]	558	55
175	[1306]	558	55
176	[228]	558	55
177	[461]	558	55
178	[4256]	558	55
179	[85]	557	55
180	[1261]	557	55
181	[346]	556	54
182	[303]	556	54
183	[3504]	555	54
184	[4920]	555	54
185	[525]	555	54
186	[1099]	555	54
187	[1756]	555	54
188	[2883]	555	54
189	[1511]	555	54
190	[4241]	554	54
191	[365]	554	54
192	[1983]	554	54
193	[5448]	553	54
194	[2064]	553	54
195	[4330]	553	54
196	[2881]	553	54
197	[494]	553	54
198	[4488]	553	54
199	[573]	552	54
200	[319]	552	54
201	[231]	552	54
202	[904]	552	54
203	[2468]	552	54
204	[3688]	551	54
205	[869]	551	54
206	[1058]	550	54
207	[2648]	550	54
208	[2067]	550	54
209	[3339]	550	54
210	[870]	549	53
211	[1764]	549	53
212	[4028]	549	53
213	[4525]	548	53
214	[2486]	548	53
215	[5618]	548	53
216	[4550]	547	53
217	[5801]	546	53
218	[5254]	546	53
219	[5933]	545	53
220	[3352]	543	53
221	[2013]	543	53
222	[3044]	542	52
223	[5167]	542	52
224	[4135]	541	52
225	[2341]	541	52
226	[5401]	541	52
227	[1318]	541	52
228	[1768]	541	52
229	[1746]	540	52
230	[68]	540	52
231	[2502]	540	52
232	[1619]	540	52
233	[1137]	539	52
234	[1250]	539	52
235	[2846]	538	52
236	[3637]	538	52
237	[2783]	537	52
238	[1710]	537	52
239	[597]	537	52
240	[135]	535	51
241	[503]	535	51
242	[2990]	535	51
243	[4180]	535	51
244	[4499]	535	51
245	[4146]	534	51
246	[3158]	534	51
247	[4911]	534	51
248	[1089]	533	51
249	[207]	533	51
250	[3536]	532	51
251	[3039]	532	51
252	[3539]	532	51
253	[5039]	532	51
254	[364]	531	51
255	[1796]	531	51
256	[3360]	531	51
257	[5166]	530	51
258	[5712]	529	51
259	[4063]	529	51
260	[1086]	528	50
261	[1648]	527	50
262	[5830]	527	50
263	[2474]	527	50
264	[193]	526	50
265	[1923]	526	50
266	[4159]	526	50
267	[6220]	525	50
268	[5832]	525	50
269	[6035]	525	50
270	[5279]	525	50
271	[4905]	524	50
272	[6086]	523	50
273	[1665]	523	50
274	[4329]	523	50
275	[746]	523	50
276	[1625]	522	50
277	[103]	522	50
278	[6193]	522	50
279	[5817]	522	50
280	[3546]	522	50
281	[1986]	522	50
282	[3284]	521	50
283	[6166]	521	50
284	[4405]	521	50
285	[111]	521	50
286	[180]	520	49
287	[5842]	519	49
288	[5816]	519	49
289	[6098]	519	49
290	[4216]	519	49
291	[4131]	519	49
292	[5624]	518	49
293	[1159]	518	49
294	[2337]	518	49
295	[2638]	518	49
296	[2980]	518	49
297	[5980]	518	49
298	[3147]	518	49
299	[263]	517	49
300	[5199]	517	49
301	[1991]	516	49
302	[5900]	516	49
303	[3930]	516	49
304	[540]	516	49
305	[1262]	515	49
306	[5505]	515	49
307	[4468]	515	49
308	[4362]	515	49
309	[3925]	514	49
310	[341]	513	48
311	[401]	511	48
312	[4290]	511	48
313	[1065]	511	48
314	[6153]	510	48
315	[321]	510	48
316	[5686]	510	48
317	[1257]	510	48
318	[6219]	510	48
319	[3932]	509	48
320	[5878]	509	48
321	[5124]	508	48
322	[57]	507	48
323	[4945]	507	48
324	[74]	507	48
325	[2445]	507	48
326	[2586]	506	47
327	[2526]	506	47
328	[3847]	506	47
329	[3534]	506	47
330	[3128]	505	47
331	[2974]	505	47
332	[5913]	505	47
333	[5098]	503	47
334	[4534]	503	47
335	[3324]	503	47
336	[4377]	503	47
337	[1258]	502	47
338	[5811]	502	47
339	[4334]	502	47
340	[1339]	502	47
341	[1860]	501	47
342	[5726]	501	47
343	[2212]	501	47
344	[3374]	501	47
345	[5030]	501	47
346	[999]	500	47
347	[176]	500	47
348	[5804]	500	47
349	[5910]	500	47
350	[812]	499	46
351	[384]	498	46
352	[2415]	498	46
353	[4590]	498	46
354	[4253]	498	46
355	[5837]	497	46
356	[2383]	497	46
357	[1675]	497	46
358	[1510]	496	46
359	[4087]	496	46
360	[5326]	496	46
361	[3211]	496	46
362	[5084]	496	46
363	[295]	496	46
364	[4009]	496	46
365	[4276]	496	46
366	[4026]	496	46
367	[6012]	495	46
368	[3490]	495	46
369	[107]	495	46
370	[1671]	495	46
371	[1296]	495	46
372	[2634]	495	46
373	[1662]	495	46
374	[3506]	494	46
375	[4646]	494	46
376	[1775]	494	46
377	[1153]	494	46
378	[5834]	494	46
379	[3574]	494	46
380	[4188]	493	46
381	[1126]	493	46
382	[4384]	493	46
383	[339]	493	46
384	[3880]	493	46
385	[5016]	493	46
386	[3260]	492	45
387	[5472]	492	45
388	[5805]	492	45
389	[5053]	491	45
390	[181]	491	45
391	[5854]	490	45
392	[2655]	490	45
393	[4508]	490	45
394	[5012]	490	45
395	[836]	490	45
396	[4744]	490	45
397	[3602]	489	45
398	[1701]	489	45
399	[686]	489	45
400	[538]	488	45
401	[1732]	488	45
402	[4930]	488	45
403	[623]	487	45
404	[287]	487	45
405	[670]	487	45
406	[3230]	486	45
407	[5431]	486	45
408	[4010]	486	45
409	[1730]	485	44
410	[6221]	485	44
411	[4450]	484	44
412	[2935]	484	44
413	[188]	484	44
414	[5885]	484	44
415	[3389]	483	44
416	[272]	483	44
417	[1389]	483	44
418	[2642]	482	44
419	[5454]	482	44
420	[1902]	482	44
421	[433]	482	44
422	[5274]	481	44
423	[5572]	481	44
424	[4183]	481	44
425	[2202]	480	44
426	[1197]	480	44
427	[141]	480	44
428	[3853]	480	44
429	[5439]	480	44
430	[3005]	479	44
431	[5818]	478	43
432	[5855]	478	43
433	[932]	478	43
434	[3533]	478	43
435	[4910]	477	43
436	[5924]	477	43
437	[1939]	477	43
438	[3015]	476	43
439	[6070]	476	43
440	[3019]	475	43
441	[4519]	475	43
442	[4122]	475	43
443	[3770]	474	43
444	[5050]	474	43
445	[88]	474	43
446	[2987]	474	43
447	[4625]	473	43
448	[498]	472	43
449	[8]	472	43
450	[839]	472	43
451	[1073]	472	43
452	[5034]	471	42
453	[6144]	471	42
454	[5024]	471	42
455	[1723]	471	42
456	[1218]	471	42
457	[1208]	471	42
458	[2338]	470	42
459	[1123]	470	42
460	[2168]	470	42
461	[2619]	470	42
462	[5518]	469	42
463	[4607]	468	42
464	[5690]	468	42
465	[5048]	468	42
466	[2978]	467	42
467	[2194]	467	42
468	[5232]	467	42
469	[5996]	467	42
470	[2363]	466	42
471	[5006]	466	42
472	[236]	466	42
473	[1533]	466	42
474	[5839]	464	41
475	[296]	464	41
476	[1529]	464	41
477	[4931]	464	41
478	[4403]	463	41
479	[6072]	463	41
480	[3042]	463	41
481	[3132]	462	41
482	[5827]	462	41
483	[5915]	462	41
484	[1325]	461	41
485	[1629]	461	41
486	[4125]	461	41
487	[60]	460	41
488	[6175]	460	41
489	[123]	460	41
490	[5803]	460	41
491	[6055]	459	41
492	[423]	458	41
493	[4536]	458	41
494	[5930]	458	41
495	[279]	457	40
496	[5822]	456	40
497	[604]	454	40
498	[1700]	454	40
499	[1311]	454	40
500	[6134]	453	40
501	[771]	453	40
502	[4740]	453	40
503	[3926]	453	40
504	[66]	453	40
505	[6171]	452	40
506	[5920]	451	40
507	[5679]	451	40
508	[5976]	450	39
509	[6032]	450	39
510	[781]	450	39
511	[5876]	449	39
512	[5417]	448	39
513	[1209]	447	39
514	[3135]	447	39
515	[5987]	447	39
516	[6075]	447	39
517	[3303]	446	39
518	[6016]	446	39
519	[3102]	445	39
520	[3414]	445	39
521	[2220]	445	39
522	[955]	445	39
523	[2733]	444	39
524	[4335]	443	38
525	[3656]	443	38
526	[4401]	442	38
527	[2907]	441	38
528	[5057]	440	38
529	[1405]	440	38
530	[3527]	439	38
531	[5243]	439	38
532	[4761]	436	37
533	[6082]	436	37
534	[422]	436	37
535	[2283]	435	37
536	[4121]	434	37
537	[5940]	434	37
538	[1973]	433	37
539	[5912]	432	37
540	[5897]	432	37
541	[190]	431	37
542	[2370]	431	37
543	[5892]	428	36
544	[2080]	428	36
545	[3018]	427	36
546	[5846]	427	36
547	[3965]	427	36
548	[3646]	426	36
549	[1729]	424	36
550	[3562]	423	36
551	[5899]	423	36
552	[3630]	422	35
553	[3961]	421	35
554	[5809]	419	35
555	[1156]	417	35
556	[5858]	414	34
557	[1622]	411	34
558	[4592]	411	34
559	[980]	410	34
560	[2848]	408	33
561	[3021]	408	33
562	[4828]	405	33
563	[3655]	405	33
564	[5422]	403	33
565	[5333]	401	32
566	[3786]	393	31
567	[4061]	392	31
568	[5332]	391	31
569	[5410]	384	30
570	[1868]	379	29
571	[1369]	377	29
572	[2102]	372	28
573	[11]	370	28
574	[4455]	358	26
575	[51]	346	25
576	[1143]	285	16
577	[2438]	264	13
578	[3824]	258	12
579	[5404]	258	12
580	[3735]	246	10
581	[6025]	246	10
582	[2761]	243	10
583	[3049]	237	9
584	[2405]	237	9
585	[3397]	234	9
586	[1769]	234	9
587	[5450]	222	7
588	[4547]	222	7
589	[5851]	219	6
590	[3288]	216	6
591	[5847]	216	6
592	[3560]	210	5
593	[537]	210	5
594	[5872]	207	5
595	[5870]	207	5
596	[5879]	207	5
597	[6034]	204	4
598	[4013]	198	3
599	[4301]	174	0
last update: Fri Apr 29 2016 23:26:58 GMT+0800 (HKT)