last update: Sat Apr 30 2016 02:20:16 GMT+0800 (HKT)

order	team	score	std
0	[1519]	875	100
1	[1241]	865	99
2	[195]	810	91
3	[973]	810	91
4	[2451]	785	87
5	[67]	770	85
6	[254]	741	81
7	[27]	730	79
8	[133]	729	79
9	[118]	728	79
10	[230]	721	78
11	[3620]	716	77
12	[4001]	715	77
13	[2823]	705	76
14	[5172]	703	75
15	[971]	699	75
16	[987]	695	74
17	[166]	694	74
18	[16]	688	73
19	[148]	688	73
20	[225]	678	72
21	[1024]	676	72
22	[4003]	675	71
23	[1806]	665	70
24	[2035]	665	70
25	[2056]	662	70
26	[5546]	650	68
27	[48]	650	68
28	[610]	649	68
29	[360]	646	67
30	[708]	644	67
31	[3314]	643	67
32	[1690]	641	67
33	[2614]	640	66
34	[1918]	638	66
35	[333]	635	66
36	[4564]	635	66
37	[1678]	634	66
38	[868]	634	66
39	[876]	634	66
40	[3641]	633	65
41	[2767]	629	65
42	[1114]	628	65
43	[2052]	627	65
44	[122]	622	64
45	[3357]	620	64
46	[1425]	620	64
47	[1731]	620	64
48	[558]	618	63
49	[2471]	618	63
50	[1736]	617	63
51	[2393]	617	63
52	[1323]	617	63
53	[245]	617	63
54	[330]	616	63
55	[294]	616	63
56	[1885]	614	63
57	[2485]	614	63
58	[3663]	613	63
59	[2996]	611	62
60	[2054]	610	62
61	[5663]	610	62
62	[2637]	608	62
63	[33]	608	62
64	[1011]	607	62
65	[5895]	606	62
66	[3238]	605	61
67	[842]	605	61
68	[3130]	605	61
69	[41]	605	61
70	[4587]	604	61
71	[2137]	603	61
72	[359]	602	61
73	[70]	601	61
74	[2122]	601	61
75	[1305]	601	61
76	[1747]	601	61
77	[4967]	600	61
78	[910]	600	61
79	[1538]	600	61
80	[125]	599	61
81	[5150]	599	61
82	[4561]	599	61
83	[4678]	598	60
84	[2403]	598	60
85	[1718]	597	60
86	[4391]	597	60
87	[5891]	597	60
88	[3044]	596	60
89	[548]	595	60
90	[126]	595	60
91	[229]	594	60
92	[5499]	593	60
93	[3538]	593	60
94	[1501]	593	60
95	[3452]	593	60
96	[172]	593	60
97	[639]	592	60
98	[25]	591	59
99	[2046]	591	59
100	[2557]	591	59
101	[2834]	591	59
102	[319]	590	59
103	[346]	589	59
104	[2590]	589	59
105	[3419]	589	59
106	[20]	588	59
107	[694]	588	59
108	[2481]	588	59
109	[5406]	588	59
110	[4451]	587	59
111	[3683]	586	59
112	[1306]	586	59
113	[177]	586	59
114	[4103]	584	58
115	[4242]	583	58
116	[1676]	581	58
117	[3309]	580	58
118	[5114]	580	58
119	[3476]	579	58
120	[3618]	579	58
121	[5460]	579	58
122	[5813]	579	58
123	[3937]	579	58
124	[2147]	578	58
125	[858]	577	57
126	[1987]	577	57
127	[3990]	576	57
128	[461]	576	57
129	[179]	575	57
130	[175]	575	57
131	[85]	575	57
132	[4488]	575	57
133	[2522]	575	57
134	[494]	574	57
135	[6167]	574	57
136	[1477]	573	57
137	[3478]	570	56
138	[4613]	570	56
139	[217]	570	56
140	[1481]	569	56
141	[4469]	569	56
142	[1099]	569	56
143	[3310]	569	56
144	[1768]	569	56
145	[4264]	569	56
146	[2175]	568	56
147	[1625]	568	56
148	[2502]	568	56
149	[2771]	566	56
150	[3970]	565	56
151	[1124]	565	56
152	[1712]	565	56
153	[3245]	565	56
154	[3234]	565	56
155	[2783]	564	56
156	[1418]	563	55
157	[228]	562	55
158	[4911]	562	55
159	[1684]	562	55
160	[904]	562	55
161	[2439]	562	55
162	[5914]	562	55
163	[2445]	561	55
164	[5907]	561	55
165	[45]	561	55
166	[1261]	561	55
167	[1746]	558	55
168	[329]	557	55
169	[5618]	557	55
170	[5832]	557	55
171	[3098]	557	55
172	[2486]	556	54
173	[303]	556	54
174	[4085]	556	54
175	[2648]	556	54
176	[1391]	556	54
177	[2846]	556	54
178	[1511]	555	54
179	[364]	555	54
180	[3504]	555	54
181	[2883]	555	54
182	[4241]	554	54
183	[365]	554	54
184	[78]	554	54
185	[5448]	553	54
186	[379]	553	54
187	[4039]	553	54
188	[573]	552	54
189	[231]	552	54
190	[869]	551	54
191	[1559]	551	54
192	[1640]	551	54
193	[5437]	551	54
194	[2881]	550	54
195	[1058]	550	54
196	[4330]	550	54
197	[3339]	550	54
198	[2067]	550	54
199	[1023]	549	53
200	[272]	549	53
201	[3039]	548	53
202	[4550]	547	53
203	[525]	546	53
204	[1540]	546	53
205	[4920]	546	53
206	[5801]	546	53
207	[834]	545	53
208	[4525]	545	53
209	[5166]	545	53
210	[191]	544	53
211	[3166]	544	53
212	[2468]	543	53
213	[4256]	543	53
214	[4063]	543	53
215	[5016]	543	53
216	[2013]	543	53
217	[5167]	542	52
218	[2081]	542	52
219	[1318]	541	52
220	[3481]	541	52
221	[1619]	540	52
222	[180]	540	52
223	[4334]	540	52
224	[1137]	539	52
225	[1983]	539	52
226	[1250]	539	52
227	[2064]	538	52
228	[193]	538	52
229	[1710]	537	52
230	[3352]	537	52
231	[5677]	537	52
232	[1764]	537	52
233	[5472]	536	52
234	[999]	536	52
235	[135]	535	51
236	[503]	535	51
237	[4146]	534	51
238	[1089]	533	51
239	[4468]	533	51
240	[5039]	532	51
241	[1310]	532	51
242	[3539]	532	51
243	[4276]	532	51
244	[5326]	532	51
245	[3536]	532	51
246	[3932]	531	51
247	[597]	531	51
248	[1796]	531	51
249	[3360]	531	51
250	[2990]	531	51
251	[1923]	530	51
252	[111]	530	51
253	[3604]	529	51
254	[5851]	529	51
255	[1262]	529	51
256	[5933]	529	51
257	[233]	529	51
258	[4028]	529	51
259	[5254]	528	50
260	[1986]	528	50
261	[1257]	528	50
262	[5830]	527	50
263	[2474]	527	50
264	[3600]	527	50
265	[1648]	527	50
266	[5124]	526	50
267	[3637]	526	50
268	[2341]	526	50
269	[5279]	525	50
270	[6220]	525	50
271	[6035]	525	50
272	[3546]	524	50
273	[74]	524	50
274	[1065]	523	50
275	[5030]	523	50
276	[141]	522	50
277	[103]	522	50
278	[3284]	521	50
279	[5842]	521	50
280	[6166]	521	50
281	[4122]	521	50
282	[4384]	520	49
283	[4499]	520	49
284	[870]	519	49
285	[5816]	519	49
286	[4216]	519	49
287	[401]	519	49
288	[2980]	518	49
289	[1836]	518	49
290	[5624]	518	49
291	[3147]	518	49
292	[2638]	518	49
293	[1675]	517	49
294	[1671]	517	49
295	[3128]	517	49
296	[263]	517	49
297	[5900]	516	49
298	[2586]	516	49
299	[5878]	515	49
300	[5913]	515	49
301	[4362]	515	49
302	[2974]	515	49
303	[3534]	514	49
304	[3925]	514	49
305	[120]	514	49
306	[4180]	514	49
307	[341]	513	48
308	[5098]	513	48
309	[57]	513	48
310	[2978]	513	48
311	[1086]	512	48
312	[1902]	512	48
313	[6171]	512	48
314	[207]	512	48
315	[746]	511	48
316	[6086]	511	48
317	[2212]	511	48
318	[4135]	511	48
319	[1296]	511	48
320	[6153]	510	48
321	[1756]	510	48
322	[321]	510	48
323	[2194]	509	48
324	[4131]	509	48
325	[4405]	509	48
326	[3211]	508	48
327	[5401]	508	48
328	[5726]	507	48
329	[5926]	507	48
330	[4253]	506	47
331	[1153]	506	47
332	[4547]	506	47
333	[2526]	506	47
334	[1665]	505	47
335	[5712]	505	47
336	[5980]	504	47
337	[3847]	504	47
338	[1339]	504	47
339	[2642]	504	47
340	[6193]	504	47
341	[5996]	503	47
342	[5505]	503	47
343	[4377]	503	47
344	[3324]	503	47
345	[4930]	502	47
346	[1258]	502	47
347	[3770]	502	47
348	[5811]	502	47
349	[4519]	501	47
350	[2619]	500	47
351	[4087]	500	47
352	[2337]	500	47
353	[176]	500	47
354	[3574]	500	47
355	[4534]	500	47
356	[498]	500	47
357	[5910]	500	47
358	[5199]	499	46
359	[6221]	499	46
360	[812]	499	46
361	[384]	498	46
362	[5439]	498	46
363	[5855]	498	46
364	[3824]	498	46
365	[4010]	498	46
366	[5837]	497	46
367	[1159]	497	46
368	[6219]	497	46
369	[3688]	497	46
370	[4026]	496	46
371	[5854]	496	46
372	[295]	496	46
373	[1126]	496	46
374	[1510]	496	46
375	[423]	496	46
376	[3005]	495	46
377	[3490]	495	46
378	[6012]	495	46
379	[1662]	495	46
380	[1730]	495	46
381	[3930]	495	46
382	[4590]	494	46
383	[4646]	494	46
384	[3506]	494	46
385	[3853]	494	46
386	[5686]	494	46
387	[1325]	493	46
388	[4188]	493	46
389	[2634]	492	45
390	[107]	492	45
391	[3260]	492	45
392	[4536]	492	45
393	[4945]	492	45
394	[1991]	492	45
395	[836]	490	45
396	[4905]	490	45
397	[5012]	490	45
398	[4159]	490	45
399	[686]	489	45
400	[1701]	489	45
401	[3602]	489	45
402	[2415]	489	45
403	[1732]	488	45
404	[181]	488	45
405	[2338]	488	45
406	[4290]	487	45
407	[4183]	487	45
408	[287]	487	45
409	[670]	487	45
410	[5431]	486	45
411	[2987]	486	45
412	[2655]	486	45
413	[5804]	485	44
414	[3042]	485	44
415	[1775]	485	44
416	[2761]	485	44
417	[2363]	484	44
418	[3880]	484	44
419	[188]	484	44
420	[3158]	483	44
421	[6134]	483	44
422	[68]	483	44
423	[4009]	481	44
424	[339]	481	44
425	[6075]	481	44
426	[4329]	481	44
427	[6098]	480	44
428	[3374]	480	44
429	[5572]	479	44
430	[1723]	479	44
431	[5679]	479	44
432	[4508]	478	43
433	[5818]	478	43
434	[2935]	478	43
435	[5817]	477	43
436	[4910]	477	43
437	[1208]	477	43
438	[236]	476	43
439	[123]	476	43
440	[3015]	476	43
441	[6070]	476	43
442	[3533]	475	43
443	[5518]	475	43
444	[932]	474	43
445	[1389]	474	43
446	[4625]	473	43
447	[5924]	473	43
448	[4060]	473	43
449	[5053]	473	43
450	[2383]	473	43
451	[8]	472	43
452	[839]	472	43
453	[1073]	472	43
454	[5006]	472	43
455	[5803]	472	43
456	[1533]	472	43
457	[1218]	471	42
458	[5034]	471	42
459	[4740]	471	42
460	[6032]	471	42
461	[6144]	471	42
462	[88]	471	42
463	[2168]	470	42
464	[1123]	470	42
465	[4450]	469	42
466	[4607]	468	42
467	[3132]	468	42
468	[540]	468	42
469	[1939]	468	42
470	[1860]	468	42
471	[5048]	468	42
472	[3230]	468	42
473	[5050]	468	42
474	[5232]	467	42
475	[3656]	467	42
476	[5834]	467	42
477	[2405]	465	42
478	[296]	464	41
479	[4931]	464	41
480	[5839]	464	41
481	[1529]	464	41
482	[5057]	464	41
483	[6175]	464	41
484	[5885]	463	41
485	[6072]	463	41
486	[4403]	463	41
487	[623]	463	41
488	[5805]	462	41
489	[5915]	462	41
490	[3414]	461	41
491	[4125]	461	41
492	[279]	461	41
493	[1629]	461	41
494	[4401]	460	41
495	[4744]	460	41
496	[5274]	460	41
497	[6055]	459	41
498	[3019]	459	41
499	[1209]	459	41
500	[5417]	458	41
501	[5454]	458	41
502	[538]	458	41
503	[1197]	456	40
504	[5822]	456	40
505	[604]	454	40
506	[1700]	454	40
507	[5024]	453	40
508	[6082]	452	40
509	[5084]	452	40
510	[5930]	452	40
511	[5920]	451	40
512	[4761]	451	40
513	[3926]	450	39
514	[781]	450	39
515	[5976]	450	39
516	[5827]	450	39
517	[3303]	448	39
518	[2202]	447	39
519	[5987]	447	39
520	[6016]	446	39
521	[955]	445	39
522	[66]	445	39
523	[3102]	445	39
524	[2220]	445	39
525	[3018]	445	39
526	[771]	445	39
527	[2733]	444	39
528	[4335]	443	38
529	[5243]	443	38
530	[5876]	443	38
531	[3389]	441	38
532	[1405]	440	38
533	[4828]	438	38
534	[4013]	438	38
535	[422]	436	37
536	[5410]	436	37
537	[1311]	436	37
538	[60]	436	37
539	[3527]	436	37
540	[2283]	435	37
541	[980]	434	37
542	[5940]	434	37
543	[6034]	434	37
544	[1973]	433	37
545	[5897]	432	37
546	[3135]	432	37
547	[5690]	432	37
548	[2848]	432	37
549	[190]	431	37
550	[5912]	431	37
551	[433]	428	36
552	[3965]	427	36
553	[2370]	427	36
554	[3646]	426	36
555	[2080]	425	36
556	[1729]	424	36
557	[5847]	424	36
558	[3562]	423	36
559	[3630]	422	35
560	[3961]	421	35
561	[5846]	421	35
562	[5892]	419	35
563	[1156]	417	35
564	[5858]	414	34
565	[5879]	413	34
566	[4121]	413	34
567	[2907]	411	34
568	[4592]	411	34
569	[11]	410	34
570	[1622]	408	33
571	[5899]	408	33
572	[1868]	407	33
573	[5809]	407	33
574	[3655]	405	33
575	[5422]	403	33
576	[5333]	401	32
577	[3021]	399	32
578	[3786]	393	31
579	[4061]	392	31
580	[5332]	385	30
581	[1369]	377	29
582	[51]	372	28
583	[4455]	358	26
584	[2102]	354	26
585	[1143]	258	12
586	[5404]	258	12
587	[2438]	258	12
588	[3735]	246	10
589	[6025]	234	9
590	[3397]	234	9
591	[1769]	234	9
592	[3049]	228	8
593	[5450]	222	7
594	[3288]	216	6
595	[3560]	210	5
596	[537]	210	5
597	[5870]	207	5
598	[5872]	207	5
599	[4301]	174	0
last update: Sat Apr 30 2016 02:20:16 GMT+0800 (HKT)