last update: Sat Apr 30 2016 00:02:46 GMT+0800 (HKT)

order	team	score	std
0	[1519]	875	100
1	[1241]	865	99
2	[973]	810	91
3	[195]	810	91
4	[67]	770	85
5	[254]	741	81
6	[27]	730	79
7	[133]	729	79
8	[118]	728	79
9	[230]	721	78
10	[3620]	716	77
11	[4001]	715	77
12	[2451]	705	76
13	[2823]	705	76
14	[5172]	703	75
15	[1024]	700	75
16	[971]	699	75
17	[166]	694	74
18	[148]	688	73
19	[16]	688	73
20	[225]	678	72
21	[4003]	675	71
22	[987]	665	70
23	[2035]	665	70
24	[2056]	662	70
25	[5895]	660	69
26	[48]	650	68
27	[5546]	650	68
28	[610]	647	67
29	[360]	646	67
30	[708]	644	67
31	[3314]	643	67
32	[2614]	640	66
33	[1806]	640	66
34	[1391]	640	66
35	[1918]	638	66
36	[333]	635	66
37	[4564]	635	66
38	[1678]	634	66
39	[868]	634	66
40	[876]	634	66
41	[3641]	633	65
42	[2767]	629	65
43	[1114]	628	65
44	[3538]	623	64
45	[122]	622	64
46	[1425]	620	64
47	[3357]	620	64
48	[1731]	620	64
49	[4678]	619	63
50	[2471]	618	63
51	[1736]	617	63
52	[2393]	617	63
53	[1323]	617	63
54	[330]	616	63
55	[294]	616	63
56	[2137]	615	63
57	[2485]	614	63
58	[1885]	614	63
59	[3663]	613	63
60	[558]	610	62
61	[910]	609	62
62	[3476]	609	62
63	[1011]	607	62
64	[2052]	605	61
65	[2996]	605	61
66	[842]	605	61
67	[41]	605	61
68	[3130]	605	61
69	[5437]	605	61
70	[245]	605	61
71	[4587]	604	61
72	[3238]	602	61
73	[359]	602	61
74	[5663]	602	61
75	[6167]	601	61
76	[2122]	601	61
77	[1305]	601	61
78	[1538]	600	61
79	[4967]	600	61
80	[2637]	599	61
81	[4561]	599	61
82	[70]	599	61
83	[5150]	599	61
84	[125]	599	61
85	[2403]	598	60
86	[548]	598	60
87	[5891]	597	60
88	[1690]	595	60
89	[5114]	595	60
90	[229]	594	60
91	[1718]	593	60
92	[3452]	593	60
93	[5499]	593	60
94	[172]	593	60
95	[3970]	592	60
96	[639]	592	60
97	[2834]	591	59
98	[1747]	591	59
99	[2046]	591	59
100	[2557]	591	59
101	[3419]	589	59
102	[2590]	589	59
103	[5406]	588	59
104	[694]	588	59
105	[2481]	588	59
106	[4451]	587	59
107	[20]	586	59
108	[2054]	586	59
109	[1501]	585	59
110	[4103]	584	58
111	[4242]	583	58
112	[1676]	581	58
113	[329]	581	58
114	[33]	580	58
115	[3309]	580	58
116	[3618]	579	58
117	[5460]	579	58
118	[3937]	579	58
119	[25]	579	58
120	[2147]	578	58
121	[3683]	578	58
122	[3245]	577	57
123	[2439]	577	57
124	[858]	577	57
125	[3990]	576	57
126	[4391]	576	57
127	[2522]	575	57
128	[179]	575	57
129	[5813]	575	57
130	[175]	575	57
131	[1481]	575	57
132	[4039]	574	57
133	[1477]	573	57
134	[3310]	572	57
135	[834]	572	57
136	[120]	571	57
137	[3478]	570	56
138	[217]	570	56
139	[319]	570	56
140	[4469]	569	56
141	[1099]	569	56
142	[2081]	569	56
143	[2175]	568	56
144	[3234]	568	56
145	[4264]	567	56
146	[126]	567	56
147	[1987]	567	56
148	[2771]	566	56
149	[379]	565	56
150	[233]	565	56
151	[1712]	565	56
152	[1124]	565	56
153	[177]	564	56
154	[1540]	564	56
155	[1418]	563	55
156	[4613]	562	55
157	[228]	562	55
158	[5914]	562	55
159	[1684]	562	55
160	[3481]	562	55
161	[5907]	561	55
162	[45]	561	55
163	[1261]	561	55
164	[3098]	560	55
165	[1768]	559	55
166	[1306]	558	55
167	[461]	558	55
168	[5618]	557	55
169	[5832]	557	55
170	[85]	557	55
171	[303]	556	54
172	[4085]	556	54
173	[2648]	556	54
174	[2846]	556	54
175	[346]	556	54
176	[2883]	555	54
177	[1756]	555	54
178	[364]	555	54
179	[3504]	555	54
180	[1511]	555	54
181	[4241]	554	54
182	[365]	554	54
183	[78]	554	54
184	[2881]	553	54
185	[4488]	553	54
186	[4330]	553	54
187	[494]	553	54
188	[5448]	553	54
189	[191]	552	54
190	[573]	552	54
191	[231]	552	54
192	[904]	552	54
193	[2468]	552	54
194	[1559]	551	54
195	[1640]	551	54
196	[869]	551	54
197	[3339]	550	54
198	[2067]	550	54
199	[1058]	550	54
200	[4028]	549	53
201	[870]	549	53
202	[1023]	549	53
203	[1764]	549	53
204	[2486]	548	53
205	[4525]	548	53
206	[4550]	547	53
207	[4920]	546	53
208	[5801]	546	53
209	[525]	546	53
210	[5254]	546	53
211	[3166]	544	53
212	[2013]	543	53
213	[3352]	543	53
214	[4256]	543	53
215	[3044]	542	52
216	[5167]	542	52
217	[5401]	541	52
218	[1318]	541	52
219	[1746]	540	52
220	[1619]	540	52
221	[4334]	540	52
222	[68]	540	52
223	[2502]	540	52
224	[1983]	539	52
225	[1137]	539	52
226	[1250]	539	52
227	[2064]	538	52
228	[3637]	538	52
229	[193]	538	52
230	[2783]	537	52
231	[1710]	537	52
232	[5677]	537	52
233	[5472]	536	52
234	[503]	535	51
235	[135]	535	51
236	[4146]	534	51
237	[4911]	534	51
238	[207]	533	51
239	[1089]	533	51
240	[3688]	533	51
241	[4276]	532	51
242	[3039]	532	51
243	[3536]	532	51
244	[5039]	532	51
245	[1310]	532	51
246	[3539]	532	51
247	[2990]	531	51
248	[1796]	531	51
249	[597]	531	51
250	[3360]	531	51
251	[5166]	530	51
252	[5933]	529	51
253	[4063]	529	51
254	[3604]	529	51
255	[5851]	529	51
256	[1257]	528	50
257	[1648]	527	50
258	[2474]	527	50
259	[3600]	527	50
260	[5830]	527	50
261	[5124]	526	50
262	[2341]	526	50
263	[1923]	526	50
264	[4159]	526	50
265	[746]	526	50
266	[6035]	525	50
267	[5279]	525	50
268	[6220]	525	50
269	[4905]	524	50
270	[1665]	523	50
271	[1625]	522	50
272	[141]	522	50
273	[3546]	522	50
274	[5817]	522	50
275	[1986]	522	50
276	[103]	522	50
277	[3284]	521	50
278	[111]	521	50
279	[6166]	521	50
280	[180]	520	49
281	[4499]	520	49
282	[5816]	519	49
283	[4216]	519	49
284	[4131]	519	49
285	[5842]	519	49
286	[2980]	518	49
287	[1836]	518	49
288	[3147]	518	49
289	[5624]	518	49
290	[2638]	518	49
291	[2337]	518	49
292	[1675]	517	49
293	[263]	517	49
294	[5900]	516	49
295	[74]	516	49
296	[4468]	515	49
297	[4362]	515	49
298	[1262]	515	49
299	[5505]	515	49
300	[3534]	514	49
301	[3925]	514	49
302	[4180]	514	49
303	[341]	513	48
304	[2978]	513	48
305	[1086]	512	48
306	[1902]	512	48
307	[401]	511	48
308	[4135]	511	48
309	[1296]	511	48
310	[6086]	511	48
311	[5326]	511	48
312	[1065]	511	48
313	[321]	510	48
314	[5686]	510	48
315	[6219]	510	48
316	[6153]	510	48
317	[5878]	509	48
318	[3932]	509	48
319	[4405]	509	48
320	[2445]	507	48
321	[5926]	507	48
322	[4945]	507	48
323	[57]	507	48
324	[3158]	507	48
325	[2526]	506	47
326	[4547]	506	47
327	[2586]	506	47
328	[5712]	505	47
329	[3128]	505	47
330	[5913]	505	47
331	[2974]	505	47
332	[5980]	504	47
333	[6193]	504	47
334	[3847]	504	47
335	[5098]	503	47
336	[5996]	503	47
337	[3324]	503	47
338	[4534]	503	47
339	[4377]	503	47
340	[3770]	502	47
341	[5811]	502	47
342	[1339]	502	47
343	[5854]	502	47
344	[1258]	502	47
345	[4519]	501	47
346	[2212]	501	47
347	[1860]	501	47
348	[5030]	501	47
349	[5726]	501	47
350	[5910]	500	47
351	[999]	500	47
352	[5804]	500	47
353	[176]	500	47
354	[3574]	500	47
355	[5199]	499	46
356	[812]	499	46
357	[2415]	498	46
358	[4253]	498	46
359	[3824]	498	46
360	[4010]	498	46
361	[384]	498	46
362	[4590]	498	46
363	[1159]	497	46
364	[5837]	497	46
365	[4087]	496	46
366	[4009]	496	46
367	[4026]	496	46
368	[295]	496	46
369	[1510]	496	46
370	[3211]	496	46
371	[2634]	495	46
372	[540]	495	46
373	[3490]	495	46
374	[6012]	495	46
375	[3930]	495	46
376	[107]	495	46
377	[1730]	495	46
378	[1671]	495	46
379	[1662]	495	46
380	[3506]	494	46
381	[4646]	494	46
382	[1775]	494	46
383	[1153]	494	46
384	[1126]	493	46
385	[5016]	493	46
386	[4188]	493	46
387	[4384]	493	46
388	[3260]	492	45
389	[1991]	492	45
390	[181]	491	45
391	[836]	490	45
392	[5012]	490	45
393	[686]	489	45
394	[1701]	489	45
395	[3602]	489	45
396	[6098]	489	45
397	[6171]	488	45
398	[2338]	488	45
399	[4930]	488	45
400	[1732]	488	45
401	[538]	488	45
402	[670]	487	45
403	[287]	487	45
404	[4183]	487	45
405	[4290]	487	45
406	[423]	486	45
407	[2655]	486	45
408	[5431]	486	45
409	[2987]	486	45
410	[6221]	485	44
411	[5885]	484	44
412	[3880]	484	44
413	[188]	484	44
414	[2935]	484	44
415	[272]	483	44
416	[433]	482	44
417	[2642]	482	44
418	[5053]	481	44
419	[339]	481	44
420	[4329]	481	44
421	[3853]	480	44
422	[5439]	480	44
423	[1197]	480	44
424	[3374]	480	44
425	[3005]	479	44
426	[5679]	479	44
427	[5818]	478	43
428	[3533]	478	43
429	[4508]	478	43
430	[5855]	478	43
431	[4910]	477	43
432	[1939]	477	43
433	[5924]	477	43
434	[236]	476	43
435	[6070]	476	43
436	[123]	476	43
437	[3015]	476	43
438	[5518]	475	43
439	[4122]	475	43
440	[932]	474	43
441	[5050]	474	43
442	[88]	474	43
443	[1389]	474	43
444	[4060]	473	43
445	[4625]	473	43
446	[3042]	473	43
447	[2383]	473	43
448	[5006]	472	43
449	[1073]	472	43
450	[8]	472	43
451	[498]	472	43
452	[1533]	472	43
453	[839]	472	43
454	[1218]	471	42
455	[6144]	471	42
456	[4740]	471	42
457	[5034]	471	42
458	[1723]	471	42
459	[1208]	471	42
460	[2168]	470	42
461	[1123]	470	42
462	[2619]	470	42
463	[4450]	469	42
464	[5572]	469	42
465	[5048]	468	42
466	[3230]	468	42
467	[4607]	468	42
468	[5232]	467	42
469	[3656]	467	42
470	[2194]	467	42
471	[5834]	467	42
472	[2363]	466	42
473	[5839]	464	41
474	[1529]	464	41
475	[4931]	464	41
476	[296]	464	41
477	[4403]	463	41
478	[6072]	463	41
479	[623]	463	41
480	[5805]	462	41
481	[5915]	462	41
482	[3132]	462	41
483	[5827]	462	41
484	[3414]	461	41
485	[4125]	461	41
486	[1629]	461	41
487	[279]	461	41
488	[1325]	461	41
489	[2405]	461	41
490	[60]	460	41
491	[4744]	460	41
492	[6175]	460	41
493	[5803]	460	41
494	[5274]	460	41
495	[5987]	459	41
496	[1209]	459	41
497	[3019]	459	41
498	[6055]	459	41
499	[5454]	458	41
500	[5417]	458	41
501	[4536]	458	41
502	[5822]	456	40
503	[1700]	454	40
504	[604]	454	40
505	[66]	453	40
506	[5024]	453	40
507	[6134]	453	40
508	[5084]	452	40
509	[5930]	452	40
510	[5920]	451	40
511	[781]	450	39
512	[3926]	450	39
513	[6032]	450	39
514	[5976]	450	39
515	[6075]	447	39
516	[2202]	447	39
517	[5057]	446	39
518	[6016]	446	39
519	[3303]	446	39
520	[3102]	445	39
521	[955]	445	39
522	[771]	445	39
523	[2220]	445	39
524	[3018]	445	39
525	[2733]	444	39
526	[5243]	443	38
527	[5876]	443	38
528	[4335]	443	38
529	[4401]	442	38
530	[3389]	441	38
531	[2907]	441	38
532	[1405]	440	38
533	[4013]	438	38
534	[6082]	436	37
535	[4761]	436	37
536	[1311]	436	37
537	[422]	436	37
538	[3527]	436	37
539	[2283]	435	37
540	[5940]	434	37
541	[6034]	434	37
542	[1973]	433	37
543	[5690]	432	37
544	[3135]	432	37
545	[5897]	432	37
546	[5912]	432	37
547	[190]	431	37
548	[2080]	428	36
549	[5846]	427	36
550	[3965]	427	36
551	[2370]	427	36
552	[3646]	426	36
553	[1729]	424	36
554	[3562]	423	36
555	[3630]	422	35
556	[3961]	421	35
557	[5892]	419	35
558	[5809]	419	35
559	[1156]	417	35
560	[5858]	414	34
561	[4121]	413	34
562	[4592]	411	34
563	[11]	410	34
564	[980]	410	34
565	[2848]	408	33
566	[5899]	408	33
567	[3021]	408	33
568	[1622]	408	33
569	[1868]	407	33
570	[4828]	405	33
571	[3655]	405	33
572	[5422]	403	33
573	[5333]	401	32
574	[3786]	393	31
575	[4061]	392	31
576	[5332]	391	31
577	[5410]	384	30
578	[1369]	377	29
579	[4455]	358	26
580	[2102]	354	26
581	[51]	346	25
582	[1143]	258	12
583	[5404]	258	12
584	[2438]	258	12
585	[6025]	246	10
586	[3735]	246	10
587	[2761]	243	10
588	[3397]	234	9
589	[1769]	234	9
590	[3049]	228	8
591	[5450]	222	7
592	[3288]	216	6
593	[5847]	216	6
594	[3560]	210	5
595	[537]	210	5
596	[5879]	207	5
597	[5870]	207	5
598	[5872]	207	5
599	[4301]	174	0
last update: Sat Apr 30 2016 00:02:46 GMT+0800 (HKT)