last update: Sat Apr 30 2016 01:03:56 GMT+0800 (HKT)

order	team	score	std
0	[1519]	875	100
1	[1241]	865	99
2	[973]	810	91
3	[195]	810	91
4	[2451]	785	87
5	[67]	770	85
6	[254]	741	81
7	[27]	730	79
8	[133]	729	79
9	[118]	728	79
10	[230]	721	78
11	[3620]	716	77
12	[4001]	715	77
13	[2823]	705	76
14	[5172]	703	75
15	[971]	699	75
16	[987]	695	74
17	[166]	694	74
18	[16]	688	73
19	[148]	688	73
20	[225]	678	72
21	[1024]	676	72
22	[4003]	675	71
23	[1806]	665	70
24	[2035]	665	70
25	[2056]	662	70
26	[48]	650	68
27	[5546]	650	68
28	[610]	647	67
29	[360]	646	67
30	[708]	644	67
31	[3314]	643	67
32	[2614]	640	66
33	[1918]	638	66
34	[333]	635	66
35	[4564]	635	66
36	[876]	634	66
37	[1678]	634	66
38	[868]	634	66
39	[3641]	633	65
40	[2767]	629	65
41	[1690]	629	65
42	[1114]	628	65
43	[2052]	627	65
44	[122]	622	64
45	[1731]	620	64
46	[3357]	620	64
47	[1425]	620	64
48	[4678]	619	63
49	[2471]	618	63
50	[558]	618	63
51	[1736]	617	63
52	[1323]	617	63
53	[245]	617	63
54	[2393]	617	63
55	[294]	616	63
56	[330]	616	63
57	[2485]	614	63
58	[1885]	614	63
59	[3663]	613	63
60	[2996]	611	62
61	[2054]	610	62
62	[3476]	609	62
63	[33]	608	62
64	[1011]	607	62
65	[5895]	606	62
66	[3238]	605	61
67	[41]	605	61
68	[3130]	605	61
69	[842]	605	61
70	[4587]	604	61
71	[2137]	603	61
72	[5663]	602	61
73	[359]	602	61
74	[2122]	601	61
75	[1747]	601	61
76	[1305]	601	61
77	[6167]	601	61
78	[1538]	600	61
79	[4967]	600	61
80	[910]	600	61
81	[70]	599	61
82	[5150]	599	61
83	[4561]	599	61
84	[125]	599	61
85	[548]	598	60
86	[2403]	598	60
87	[1718]	597	60
88	[5891]	597	60
89	[3044]	596	60
90	[229]	594	60
91	[5499]	593	60
92	[172]	593	60
93	[3538]	593	60
94	[3452]	593	60
95	[639]	592	60
96	[2834]	591	59
97	[2557]	591	59
98	[2046]	591	59
99	[25]	591	59
100	[319]	590	59
101	[2637]	590	59
102	[2590]	589	59
103	[3419]	589	59
104	[694]	588	59
105	[5406]	588	59
106	[20]	588	59
107	[2481]	588	59
108	[4451]	587	59
109	[177]	586	59
110	[3683]	586	59
111	[1306]	586	59
112	[1501]	585	59
113	[4103]	584	58
114	[4242]	583	58
115	[329]	581	58
116	[1676]	581	58
117	[3309]	580	58
118	[5114]	580	58
119	[3937]	579	58
120	[5813]	579	58
121	[5460]	579	58
122	[3618]	579	58
123	[2147]	578	58
124	[858]	577	57
125	[1987]	577	57
126	[3990]	576	57
127	[461]	576	57
128	[4391]	576	57
129	[179]	575	57
130	[175]	575	57
131	[2522]	575	57
132	[85]	575	57
133	[3245]	574	57
134	[494]	574	57
135	[1477]	573	57
136	[4488]	571	57
137	[217]	570	56
138	[3478]	570	56
139	[1099]	569	56
140	[4264]	569	56
141	[4469]	569	56
142	[3310]	569	56
143	[1481]	569	56
144	[2081]	569	56
145	[2175]	568	56
146	[2502]	568	56
147	[126]	567	56
148	[2771]	566	56
149	[1124]	565	56
150	[3234]	565	56
151	[3970]	565	56
152	[1712]	565	56
153	[2783]	564	56
154	[1418]	563	55
155	[4911]	562	55
156	[1625]	562	55
157	[228]	562	55
158	[2439]	562	55
159	[1684]	562	55
160	[5914]	562	55
161	[3481]	562	55
162	[4613]	562	55
163	[904]	562	55
164	[5907]	561	55
165	[45]	561	55
166	[1261]	561	55
167	[3098]	560	55
168	[1768]	559	55
169	[1746]	558	55
170	[5832]	557	55
171	[5618]	557	55
172	[1391]	556	54
173	[346]	556	54
174	[2846]	556	54
175	[4085]	556	54
176	[2486]	556	54
177	[2648]	556	54
178	[303]	556	54
179	[2883]	555	54
180	[1511]	555	54
181	[3504]	555	54
182	[364]	555	54
183	[4241]	554	54
184	[78]	554	54
185	[365]	554	54
186	[379]	553	54
187	[4039]	553	54
188	[5448]	553	54
189	[231]	552	54
190	[573]	552	54
191	[1640]	551	54
192	[1559]	551	54
193	[869]	551	54
194	[3339]	550	54
195	[2881]	550	54
196	[2067]	550	54
197	[4330]	550	54
198	[1058]	550	54
199	[272]	549	53
200	[1023]	549	53
201	[1764]	549	53
202	[4550]	547	53
203	[1540]	546	53
204	[5801]	546	53
205	[4920]	546	53
206	[5254]	546	53
207	[525]	546	53
208	[4525]	545	53
209	[834]	545	53
210	[3166]	544	53
211	[191]	544	53
212	[4063]	543	53
213	[2468]	543	53
214	[5016]	543	53
215	[4256]	543	53
216	[2013]	543	53
217	[3039]	542	52
218	[5167]	542	52
219	[1318]	541	52
220	[4334]	540	52
221	[1619]	540	52
222	[1983]	539	52
223	[1137]	539	52
224	[2064]	538	52
225	[193]	538	52
226	[3352]	537	52
227	[1710]	537	52
228	[5677]	537	52
229	[999]	536	52
230	[5472]	536	52
231	[180]	536	52
232	[503]	535	51
233	[135]	535	51
234	[4146]	534	51
235	[5437]	533	51
236	[1089]	533	51
237	[5039]	532	51
238	[3539]	532	51
239	[5326]	532	51
240	[3536]	532	51
241	[4276]	532	51
242	[1310]	532	51
243	[3360]	531	51
244	[1796]	531	51
245	[597]	531	51
246	[2990]	531	51
247	[1923]	530	51
248	[5166]	530	51
249	[233]	529	51
250	[5851]	529	51
251	[5933]	529	51
252	[3604]	529	51
253	[4028]	529	51
254	[1262]	529	51
255	[1257]	528	50
256	[1986]	528	50
257	[1250]	527	50
258	[3600]	527	50
259	[5830]	527	50
260	[1648]	527	50
261	[2474]	527	50
262	[5124]	526	50
263	[3637]	526	50
264	[2341]	526	50
265	[6220]	525	50
266	[5279]	525	50
267	[6035]	525	50
268	[4905]	524	50
269	[74]	524	50
270	[3546]	524	50
271	[1065]	523	50
272	[5030]	523	50
273	[5817]	522	50
274	[141]	522	50
275	[103]	522	50
276	[5842]	521	50
277	[111]	521	50
278	[3284]	521	50
279	[6166]	521	50
280	[4499]	520	49
281	[4384]	520	49
282	[5816]	519	49
283	[401]	519	49
284	[4131]	519	49
285	[4216]	519	49
286	[870]	519	49
287	[1836]	518	49
288	[5624]	518	49
289	[2638]	518	49
290	[3147]	518	49
291	[2980]	518	49
292	[3128]	517	49
293	[1675]	517	49
294	[263]	517	49
295	[2586]	516	49
296	[5900]	516	49
297	[2974]	515	49
298	[4362]	515	49
299	[5878]	515	49
300	[5505]	515	49
301	[4468]	515	49
302	[120]	514	49
303	[3534]	514	49
304	[4180]	514	49
305	[3925]	514	49
306	[341]	513	48
307	[2978]	513	48
308	[57]	513	48
309	[207]	512	48
310	[6219]	512	48
311	[1902]	512	48
312	[1086]	512	48
313	[6086]	511	48
314	[4135]	511	48
315	[2212]	511	48
316	[1296]	511	48
317	[746]	511	48
318	[6153]	510	48
319	[321]	510	48
320	[1756]	510	48
321	[5686]	510	48
322	[4405]	509	48
323	[3932]	509	48
324	[2194]	509	48
325	[5401]	508	48
326	[3211]	508	48
327	[5726]	507	48
328	[2445]	507	48
329	[5926]	507	48
330	[2526]	506	47
331	[4547]	506	47
332	[4253]	506	47
333	[1153]	506	47
334	[5913]	505	47
335	[5712]	505	47
336	[1665]	505	47
337	[5980]	504	47
338	[6193]	504	47
339	[2642]	504	47
340	[1339]	504	47
341	[3847]	504	47
342	[4377]	503	47
343	[5996]	503	47
344	[3324]	503	47
345	[5098]	503	47
346	[3770]	502	47
347	[4930]	502	47
348	[1258]	502	47
349	[5811]	502	47
350	[5854]	502	47
351	[4519]	501	47
352	[5910]	500	47
353	[2619]	500	47
354	[498]	500	47
355	[4534]	500	47
356	[2337]	500	47
357	[176]	500	47
358	[3574]	500	47
359	[4087]	500	47
360	[5199]	499	46
361	[812]	499	46
362	[3824]	498	46
363	[5855]	498	46
364	[384]	498	46
365	[2415]	498	46
366	[5439]	498	46
367	[4010]	498	46
368	[1159]	497	46
369	[5837]	497	46
370	[3688]	497	46
371	[1510]	496	46
372	[295]	496	46
373	[4026]	496	46
374	[423]	496	46
375	[3930]	495	46
376	[3490]	495	46
377	[6012]	495	46
378	[1662]	495	46
379	[1671]	495	46
380	[3005]	495	46
381	[1730]	495	46
382	[4590]	494	46
383	[4646]	494	46
384	[3506]	494	46
385	[4188]	493	46
386	[1325]	493	46
387	[1126]	493	46
388	[4536]	492	45
389	[1991]	492	45
390	[107]	492	45
391	[4945]	492	45
392	[3260]	492	45
393	[2634]	492	45
394	[836]	490	45
395	[4159]	490	45
396	[5012]	490	45
397	[686]	489	45
398	[1701]	489	45
399	[3602]	489	45
400	[6171]	488	45
401	[181]	488	45
402	[2338]	488	45
403	[1732]	488	45
404	[4290]	487	45
405	[4183]	487	45
406	[287]	487	45
407	[670]	487	45
408	[5431]	486	45
409	[2655]	486	45
410	[2987]	486	45
411	[1775]	485	44
412	[6221]	485	44
413	[5804]	485	44
414	[2761]	485	44
415	[3880]	484	44
416	[5885]	484	44
417	[2363]	484	44
418	[188]	484	44
419	[3158]	483	44
420	[68]	483	44
421	[6134]	483	44
422	[4009]	481	44
423	[339]	481	44
424	[4329]	481	44
425	[5053]	481	44
426	[3374]	480	44
427	[6098]	480	44
428	[5679]	479	44
429	[1723]	479	44
430	[4508]	478	43
431	[5818]	478	43
432	[2935]	478	43
433	[1208]	477	43
434	[4910]	477	43
435	[123]	476	43
436	[6070]	476	43
437	[3015]	476	43
438	[236]	476	43
439	[3533]	475	43
440	[4122]	475	43
441	[5518]	475	43
442	[932]	474	43
443	[1389]	474	43
444	[2383]	473	43
445	[3042]	473	43
446	[4625]	473	43
447	[4060]	473	43
448	[5924]	473	43
449	[1533]	472	43
450	[5803]	472	43
451	[8]	472	43
452	[1073]	472	43
453	[839]	472	43
454	[5006]	472	43
455	[1218]	471	42
456	[5034]	471	42
457	[4740]	471	42
458	[88]	471	42
459	[6032]	471	42
460	[6144]	471	42
461	[2168]	470	42
462	[1123]	470	42
463	[4450]	469	42
464	[5572]	469	42
465	[3230]	468	42
466	[540]	468	42
467	[5050]	468	42
468	[5048]	468	42
469	[1939]	468	42
470	[4607]	468	42
471	[1860]	468	42
472	[3132]	468	42
473	[5232]	467	42
474	[5834]	467	42
475	[3656]	467	42
476	[296]	464	41
477	[4931]	464	41
478	[6175]	464	41
479	[5839]	464	41
480	[5057]	464	41
481	[1529]	464	41
482	[6072]	463	41
483	[4403]	463	41
484	[623]	463	41
485	[5915]	462	41
486	[5805]	462	41
487	[3414]	461	41
488	[2405]	461	41
489	[279]	461	41
490	[4125]	461	41
491	[1629]	461	41
492	[5274]	460	41
493	[4744]	460	41
494	[6055]	459	41
495	[1209]	459	41
496	[3019]	459	41
497	[538]	458	41
498	[5454]	458	41
499	[5417]	458	41
500	[1197]	456	40
501	[5822]	456	40
502	[3853]	456	40
503	[1700]	454	40
504	[604]	454	40
505	[5024]	453	40
506	[66]	453	40
507	[5930]	452	40
508	[6082]	452	40
509	[5084]	452	40
510	[5920]	451	40
511	[4761]	451	40
512	[781]	450	39
513	[3926]	450	39
514	[5827]	450	39
515	[5976]	450	39
516	[5987]	447	39
517	[6075]	447	39
518	[2202]	447	39
519	[6016]	446	39
520	[3303]	446	39
521	[3018]	445	39
522	[771]	445	39
523	[3102]	445	39
524	[955]	445	39
525	[2220]	445	39
526	[2733]	444	39
527	[5876]	443	38
528	[4335]	443	38
529	[5243]	443	38
530	[4401]	442	38
531	[3389]	441	38
532	[1405]	440	38
533	[4013]	438	38
534	[4828]	438	38
535	[1311]	436	37
536	[422]	436	37
537	[60]	436	37
538	[3527]	436	37
539	[2283]	435	37
540	[5940]	434	37
541	[6034]	434	37
542	[980]	434	37
543	[1973]	433	37
544	[5897]	432	37
545	[5690]	432	37
546	[3135]	432	37
547	[2848]	432	37
548	[190]	431	37
549	[433]	428	36
550	[3965]	427	36
551	[2370]	427	36
552	[3646]	426	36
553	[2080]	425	36
554	[1729]	424	36
555	[3562]	423	36
556	[3630]	422	35
557	[3961]	421	35
558	[5846]	421	35
559	[5410]	420	35
560	[5892]	419	35
561	[5912]	417	35
562	[1156]	417	35
563	[5858]	414	34
564	[5879]	413	34
565	[4121]	413	34
566	[4592]	411	34
567	[2907]	411	34
568	[11]	410	34
569	[1622]	408	33
570	[5899]	408	33
571	[1868]	407	33
572	[5809]	407	33
573	[3655]	405	33
574	[5422]	403	33
575	[5333]	401	32
576	[3021]	399	32
577	[3786]	393	31
578	[4061]	392	31
579	[5332]	385	30
580	[1369]	377	29
581	[51]	372	28
582	[4455]	358	26
583	[2102]	354	26
584	[5404]	258	12
585	[2438]	258	12
586	[1143]	258	12
587	[3735]	246	10
588	[6025]	234	9
589	[3397]	234	9
590	[1769]	234	9
591	[3049]	228	8
592	[5450]	222	7
593	[5847]	216	6
594	[3288]	216	6
595	[537]	210	5
596	[3560]	210	5
597	[5870]	207	5
598	[5872]	207	5
599	[4301]	174	0
last update: Sat Apr 30 2016 01:03:56 GMT+0800 (HKT)