last update: Fri Apr 29 2016 23:11:30 GMT+0800 (HKT)

order	team	score	std
0	[1519]	870	100
1	[195]	810	91
2	[973]	810	91
3	[1241]	800	90
4	[3130]	785	88
5	[2834]	750	83
6	[254]	741	81
7	[3620]	716	78
8	[4001]	715	78
9	[118]	714	78
10	[230]	711	77
11	[2451]	705	76
12	[27]	704	76
13	[1024]	700	76
14	[166]	694	75
15	[133]	691	74
16	[16]	688	74
17	[67]	685	73
18	[148]	680	73
19	[225]	678	72
20	[2823]	675	72
21	[971]	675	72
22	[4003]	675	72
23	[45]	675	72
24	[2614]	667	71
25	[5172]	665	71
26	[4564]	665	71
27	[987]	665	71
28	[5895]	660	70
29	[3166]	655	69
30	[2056]	650	68
31	[3357]	647	68
32	[610]	647	68
33	[2883]	645	68
34	[5907]	645	68
35	[708]	644	68
36	[3314]	643	67
37	[1806]	640	67
38	[1391]	640	67
39	[2122]	638	67
40	[1918]	638	67
41	[4060]	635	66
42	[333]	635	66
43	[876]	634	66
44	[868]	634	66
45	[3641]	633	66
46	[294]	631	66
47	[2035]	630	66
48	[2767]	629	65
49	[1310]	625	65
50	[1323]	623	65
51	[3538]	623	65
52	[122]	622	64
53	[1425]	620	64
54	[1678]	620	64
55	[1011]	619	64
56	[4678]	619	64
57	[2471]	618	64
58	[172]	617	64
59	[2586]	617	64
60	[1736]	617	64
61	[5813]	617	64
62	[330]	616	64
63	[2137]	615	63
64	[1885]	614	63
65	[558]	610	63
66	[3476]	609	63
67	[2996]	605	62
68	[1640]	605	62
69	[5437]	605	62
70	[2052]	605	62
71	[41]	605	62
72	[4587]	604	62
73	[359]	602	61
74	[6167]	601	61
75	[5546]	600	61
76	[4967]	600	61
77	[1538]	600	61
78	[5150]	599	61
79	[4561]	599	61
80	[125]	599	61
81	[70]	599	61
82	[3419]	598	61
83	[548]	598	61
84	[910]	597	61
85	[842]	597	61
86	[2393]	595	60
87	[5891]	595	60
88	[2485]	594	60
89	[2637]	593	60
90	[3600]	593	60
91	[48]	592	60
92	[639]	592	60
93	[379]	592	60
94	[5663]	592	60
95	[3970]	592	60
96	[2046]	591	60
97	[2557]	591	60
98	[1747]	591	60
99	[1690]	589	60
100	[5406]	588	59
101	[4451]	587	59
102	[3245]	586	59
103	[20]	586	59
104	[5114]	586	59
105	[1718]	585	59
106	[1501]	585	59
107	[2403]	584	59
108	[4103]	584	59
109	[3663]	583	59
110	[4242]	583	59
111	[2054]	582	59
112	[5817]	582	59
113	[1676]	581	58
114	[834]	581	58
115	[1305]	580	58
116	[233]	580	58
117	[5803]	580	58
118	[25]	579	58
119	[5460]	579	58
120	[3937]	579	58
121	[1023]	579	58
122	[2147]	578	58
123	[1114]	578	58
124	[3309]	578	58
125	[2439]	577	58
126	[1731]	576	58
127	[2481]	576	58
128	[3990]	576	58
129	[1481]	575	58
130	[2771]	575	58
131	[2590]	575	58
132	[2522]	575	58
133	[175]	575	58
134	[229]	574	57
135	[4039]	574	57
136	[1477]	573	57
137	[3238]	572	57
138	[3310]	572	57
139	[179]	571	57
140	[858]	571	57
141	[3683]	570	57
142	[217]	570	57
143	[904]	570	57
144	[1836]	569	57
145	[3604]	569	57
146	[245]	569	57
147	[2081]	569	57
148	[3234]	568	57
149	[2175]	568	57
150	[1987]	567	56
151	[5926]	567	56
152	[126]	567	56
153	[329]	567	56
154	[1540]	564	56
155	[5677]	564	56
156	[103]	564	56
157	[4264]	563	56
158	[1559]	563	56
159	[4085]	562	56
160	[3481]	562	56
161	[4613]	562	56
162	[1684]	562	56
163	[1124]	561	56
164	[4469]	561	56
165	[694]	560	55
166	[78]	560	55
167	[3098]	560	55
168	[3618]	559	55
169	[1712]	559	55
170	[5499]	559	55
171	[228]	558	55
172	[191]	558	55
173	[1306]	558	55
174	[4256]	558	55
175	[461]	558	55
176	[85]	557	55
177	[1261]	557	55
178	[5914]	556	55
179	[4391]	556	55
180	[33]	556	55
181	[4920]	555	55
182	[525]	555	55
183	[1099]	555	55
184	[3504]	555	55
185	[5254]	555	55
186	[1756]	555	55
187	[1511]	555	55
188	[365]	554	55
189	[4241]	554	55
190	[1983]	554	55
191	[2064]	553	54
192	[4488]	553	54
193	[5448]	553	54
194	[494]	553	54
195	[4330]	553	54
196	[2881]	553	54
197	[5801]	552	54
198	[2468]	552	54
199	[319]	552	54
200	[869]	551	54
201	[3688]	551	54
202	[4525]	550	54
203	[2067]	550	54
204	[1058]	550	54
205	[2648]	550	54
206	[4028]	549	54
207	[870]	549	54
208	[1764]	549	54
209	[5618]	548	54
210	[2486]	548	54
211	[4550]	547	54
212	[5933]	545	53
213	[360]	544	53
214	[177]	544	53
215	[3352]	543	53
216	[3452]	542	53
217	[5167]	542	53
218	[3339]	542	53
219	[3044]	542	53
220	[4135]	541	53
221	[1318]	541	53
222	[2341]	541	53
223	[5401]	541	53
224	[1768]	541	53
225	[1746]	540	53
226	[1619]	540	53
227	[231]	540	53
228	[2502]	540	53
229	[1250]	539	52
230	[2846]	538	52
231	[3637]	538	52
232	[1418]	537	52
233	[2783]	537	52
234	[597]	537	52
235	[1710]	537	52
236	[5505]	536	52
237	[2990]	535	52
238	[503]	535	52
239	[135]	535	52
240	[4499]	535	52
241	[2974]	535	52
242	[4911]	534	52
243	[3158]	534	52
244	[573]	534	52
245	[4146]	534	52
246	[1089]	533	52
247	[207]	533	52
248	[1923]	532	51
249	[5039]	532	51
250	[3539]	532	51
251	[1796]	531	51
252	[3360]	531	51
253	[364]	531	51
254	[3478]	530	51
255	[3284]	529	51
256	[4063]	529	51
257	[5712]	529	51
258	[1086]	528	51
259	[1648]	527	51
260	[2638]	527	51
261	[5830]	527	51
262	[2474]	527	51
263	[193]	526	51
264	[346]	526	51
265	[4159]	526	51
266	[5832]	525	50
267	[6220]	525	50
268	[5279]	525	50
269	[6035]	525	50
270	[4905]	524	50
271	[6086]	523	50
272	[1665]	523	50
273	[746]	523	50
274	[1625]	522	50
275	[3546]	522	50
276	[1986]	522	50
277	[6193]	522	50
278	[2013]	521	50
279	[4405]	521	50
280	[111]	521	50
281	[180]	520	50
282	[4131]	519	50
283	[4216]	519	50
284	[1137]	519	50
285	[5816]	519	50
286	[6098]	519	50
287	[5842]	519	50
288	[5686]	519	50
289	[1159]	518	49
290	[4534]	518	49
291	[5980]	518	49
292	[2980]	518	49
293	[3147]	518	49
294	[2337]	518	49
295	[5624]	518	49
296	[263]	517	49
297	[5199]	517	49
298	[540]	516	49
299	[1991]	516	49
300	[3930]	516	49
301	[5900]	516	49
302	[4468]	515	49
303	[4362]	515	49
304	[1262]	515	49
305	[3925]	514	49
306	[4180]	511	48
307	[401]	511	48
308	[4290]	511	48
309	[1257]	510	48
310	[303]	510	48
311	[6153]	510	48
312	[5166]	510	48
313	[321]	510	48
314	[6219]	510	48
315	[5878]	509	48
316	[3932]	509	48
317	[5834]	509	48
318	[341]	509	48
319	[5124]	508	48
320	[120]	508	48
321	[74]	507	48
322	[68]	507	48
323	[57]	507	48
324	[4945]	507	48
325	[3534]	506	48
326	[3847]	506	48
327	[2526]	506	48
328	[2338]	506	48
329	[3128]	505	48
330	[1065]	505	48
331	[5913]	505	48
332	[5098]	503	47
333	[3324]	503	47
334	[4377]	503	47
335	[4334]	502	47
336	[5811]	502	47
337	[1339]	502	47
338	[1258]	502	47
339	[3374]	501	47
340	[5030]	501	47
341	[5726]	501	47
342	[2212]	501	47
343	[1860]	501	47
344	[5804]	500	47
345	[176]	500	47
346	[3536]	500	47
347	[999]	500	47
348	[5910]	500	47
349	[812]	499	47
350	[2445]	499	47
351	[2415]	498	47
352	[4590]	498	47
353	[384]	498	47
354	[4253]	498	47
355	[4329]	497	46
356	[2383]	497	46
357	[5837]	497	46
358	[1675]	497	46
359	[4009]	496	46
360	[3211]	496	46
361	[4087]	496	46
362	[4026]	496	46
363	[4276]	496	46
364	[1510]	496	46
365	[295]	496	46
366	[5326]	496	46
367	[5084]	496	46
368	[1662]	495	46
369	[1296]	495	46
370	[1671]	495	46
371	[107]	495	46
372	[3490]	495	46
373	[2634]	495	46
374	[3574]	494	46
375	[1775]	494	46
376	[3506]	494	46
377	[4646]	494	46
378	[4384]	493	46
379	[339]	493	46
380	[5016]	493	46
381	[3880]	493	46
382	[1126]	493	46
383	[4188]	493	46
384	[5472]	492	46
385	[3260]	492	46
386	[5805]	492	46
387	[181]	491	46
388	[5053]	491	46
389	[4508]	490	45
390	[2655]	490	45
391	[5854]	490	45
392	[4744]	490	45
393	[836]	490	45
394	[5012]	490	45
395	[686]	489	45
396	[1701]	489	45
397	[3602]	489	45
398	[4930]	488	45
399	[1732]	488	45
400	[670]	487	45
401	[287]	487	45
402	[623]	487	45
403	[4010]	486	45
404	[5431]	486	45
405	[3230]	486	45
406	[1730]	485	45
407	[3533]	484	45
408	[4450]	484	45
409	[5885]	484	45
410	[188]	484	45
411	[2935]	484	45
412	[272]	483	44
413	[1389]	483	44
414	[3389]	483	44
415	[88]	483	44
416	[1902]	482	44
417	[5454]	482	44
418	[433]	482	44
419	[2642]	482	44
420	[4183]	481	44
421	[5572]	481	44
422	[5274]	481	44
423	[1197]	480	44
424	[5439]	480	44
425	[3853]	480	44
426	[2202]	480	44
427	[141]	480	44
428	[3005]	479	44
429	[5855]	478	44
430	[932]	478	44
431	[5024]	477	44
432	[1939]	477	44
433	[5924]	477	44
434	[4910]	477	44
435	[3015]	476	43
436	[6070]	476	43
437	[4122]	475	43
438	[3019]	475	43
439	[3039]	475	43
440	[3770]	474	43
441	[2987]	474	43
442	[5050]	474	43
443	[4625]	473	43
444	[4519]	473	43
445	[5232]	473	43
446	[498]	472	43
447	[1073]	472	43
448	[8]	472	43
449	[839]	472	43
450	[1700]	472	43
451	[1208]	471	43
452	[6144]	471	43
453	[1723]	471	43
454	[5034]	471	43
455	[1218]	471	43
456	[1153]	470	43
457	[2168]	470	43
458	[2619]	470	43
459	[1123]	470	43
460	[5518]	469	42
461	[5048]	468	42
462	[4607]	468	42
463	[5690]	468	42
464	[2194]	467	42
465	[6166]	467	42
466	[2978]	467	42
467	[5996]	467	42
468	[5006]	466	42
469	[236]	466	42
470	[2363]	466	42
471	[1533]	466	42
472	[296]	464	42
473	[4931]	464	42
474	[1529]	464	42
475	[5839]	464	42
476	[3042]	463	42
477	[60]	463	42
478	[4403]	463	42
479	[6072]	463	42
480	[3132]	462	41
481	[5827]	462	41
482	[5915]	462	41
483	[4125]	461	41
484	[1629]	461	41
485	[123]	460	41
486	[6175]	460	41
487	[6055]	459	41
488	[423]	458	41
489	[4536]	458	41
490	[5930]	458	41
491	[279]	457	41
492	[5822]	456	41
493	[604]	454	40
494	[1311]	454	40
495	[3926]	453	40
496	[66]	453	40
497	[6134]	453	40
498	[4740]	453	40
499	[771]	453	40
500	[6171]	452	40
501	[5920]	451	40
502	[5679]	451	40
503	[5976]	450	40
504	[781]	450	40
505	[6032]	450	40
506	[5876]	449	40
507	[5417]	448	39
508	[3135]	447	39
509	[5987]	447	39
510	[6075]	447	39
511	[1209]	447	39
512	[6016]	446	39
513	[3303]	446	39
514	[2220]	445	39
515	[955]	445	39
516	[3414]	445	39
517	[2733]	444	39
518	[3656]	443	39
519	[4335]	443	39
520	[4401]	442	39
521	[2907]	441	38
522	[1405]	440	38
523	[5057]	440	38
524	[3527]	439	38
525	[6221]	439	38
526	[5243]	439	38
527	[538]	437	38
528	[6082]	436	38
529	[4761]	436	38
530	[2080]	436	38
531	[422]	436	38
532	[2283]	435	38
533	[5940]	434	37
534	[4121]	434	37
535	[1973]	433	37
536	[3965]	433	37
537	[5912]	432	37
538	[190]	431	37
539	[2370]	431	37
540	[5892]	428	36
541	[5846]	427	36
542	[3018]	427	36
543	[3646]	426	36
544	[3102]	424	36
545	[1729]	424	36
546	[3562]	423	36
547	[5899]	423	36
548	[3630]	422	36
549	[3961]	421	35
550	[5809]	419	35
551	[1156]	417	35
552	[5858]	414	34
553	[1622]	411	34
554	[5897]	411	34
555	[4592]	411	34
556	[980]	410	34
557	[2848]	408	34
558	[3021]	408	34
559	[5410]	405	33
560	[4828]	405	33
561	[3655]	405	33
562	[5818]	403	33
563	[5422]	403	33
564	[5333]	401	33
565	[3786]	393	31
566	[4061]	392	31
567	[5332]	391	31
568	[1868]	379	29
569	[1369]	377	29
570	[2102]	372	28
571	[11]	370	28
572	[4455]	358	26
573	[51]	346	25
574	[1143]	285	16
575	[1325]	273	14
576	[2438]	264	13
577	[5404]	258	12
578	[3824]	258	12
579	[3735]	246	10
580	[6025]	246	10
581	[2761]	243	10
582	[2405]	237	9
583	[6012]	237	9
584	[3049]	237	9
585	[3397]	234	9
586	[1769]	234	9
587	[4547]	222	7
588	[5450]	222	7
589	[5851]	219	6
590	[3288]	216	6
591	[5847]	216	6
592	[3560]	210	5
593	[537]	210	5
594	[5879]	207	5
595	[5870]	207	5
596	[5872]	207	5
597	[6034]	204	4
598	[4013]	198	3
599	[4301]	174	0
last update: Fri Apr 29 2016 23:11:30 GMT+0800 (HKT)