last update: Sat Apr 30 2016 05:34:30 GMT+0800 (HKT)

order	team	score	std
0	[1241]	875	100
1	[973]	855	97
2	[67]	825	93
3	[2451]	785	87
4	[195]	754	83
5	[1519]	752	82
6	[230]	741	81
7	[254]	741	81
8	[27]	738	80
9	[3620]	737	80
10	[133]	729	79
11	[118]	728	79
12	[2823]	720	78
13	[5172]	711	77
14	[148]	702	75
15	[971]	699	75
16	[16]	688	73
17	[179]	683	73
18	[225]	682	72
19	[4003]	675	71
20	[166]	673	71
21	[1024]	670	71
22	[2035]	668	70
23	[1690]	667	70
24	[1806]	666	70
25	[217]	663	70
26	[2056]	662	70
27	[708]	662	70
28	[610]	658	69
29	[3641]	657	69
30	[1425]	656	69
31	[1918]	651	68
32	[5546]	650	68
33	[868]	650	68
34	[294]	648	68
35	[360]	646	67
36	[1736]	645	67
37	[2767]	645	67
38	[1731]	644	67
39	[1678]	642	67
40	[4678]	640	66
41	[694]	639	66
42	[359]	639	66
43	[48]	639	66
44	[2052]	637	66
45	[2122]	633	65
46	[4564]	632	65
47	[4561]	631	65
48	[3314]	626	64
49	[3683]	625	64
50	[558]	624	64
51	[3538]	624	64
52	[2485]	624	64
53	[2834]	623	64
54	[1418]	623	64
55	[1501]	621	64
56	[5150]	620	64
57	[2471]	618	63
58	[3238]	616	63
59	[330]	616	63
60	[2403]	616	63
61	[1538]	615	63
62	[3663]	615	63
63	[1323]	614	63
64	[1885]	614	63
65	[1718]	613	63
66	[126]	613	63
67	[1114]	612	62
68	[2557]	611	62
69	[1305]	611	62
70	[3044]	610	62
71	[5895]	610	62
72	[876]	610	62
73	[2590]	609	62
74	[25]	609	62
75	[2637]	608	62
76	[20]	608	62
77	[33]	608	62
78	[842]	607	62
79	[1747]	607	62
80	[41]	606	62
81	[3284]	606	62
82	[3130]	605	61
83	[3476]	605	61
84	[4587]	604	61
85	[2137]	603	61
86	[2481]	602	61
87	[910]	600	61
88	[4391]	599	61
89	[5406]	598	60
90	[869]	597	60
91	[2013]	597	60
92	[3990]	596	60
93	[3309]	595	60
94	[2614]	595	60
95	[229]	594	60
96	[3618]	594	60
97	[172]	593	60
98	[5499]	593	60
99	[176]	591	59
100	[5114]	590	59
101	[4001]	590	59
102	[4613]	590	59
103	[1640]	589	59
104	[346]	589	59
105	[5460]	589	59
106	[2054]	589	59
107	[3360]	587	59
108	[125]	587	59
109	[177]	586	59
110	[122]	586	59
111	[573]	586	59
112	[548]	586	59
113	[4967]	585	59
114	[5907]	585	59
115	[4334]	585	59
116	[303]	584	58
117	[4103]	584	58
118	[175]	582	58
119	[2046]	582	58
120	[1619]	582	58
121	[3005]	582	58
122	[1137]	582	58
123	[2996]	581	58
124	[231]	580	58
125	[1261]	579	58
126	[5813]	579	58
127	[1987]	579	58
128	[3937]	577	57
129	[5166]	577	57
130	[686]	576	57
131	[1477]	576	57
132	[461]	576	57
133	[1058]	576	57
134	[1099]	576	57
135	[4242]	576	57
136	[4488]	575	57
137	[2147]	575	57
138	[2771]	575	57
139	[2522]	575	57
140	[319]	575	57
141	[365]	574	57
142	[4256]	573	57
143	[4451]	573	57
144	[1712]	573	57
145	[228]	573	57
146	[3357]	572	57
147	[494]	571	57
148	[4253]	570	56
149	[1306]	569	56
150	[4264]	569	56
151	[1559]	569	56
152	[1481]	569	56
153	[1768]	569	56
154	[85]	569	56
155	[70]	568	56
156	[78]	568	56
157	[6025]	568	56
158	[1143]	566	56
159	[904]	566	56
160	[3539]	566	56
161	[3245]	565	56
162	[987]	565	56
163	[2064]	564	56
164	[45]	564	56
165	[2783]	564	56
166	[2175]	564	56
167	[1684]	564	56
168	[858]	562	55
169	[639]	562	55
170	[3478]	561	55
171	[2445]	561	55
172	[4028]	561	55
173	[5326]	560	55
174	[2393]	560	55
175	[364]	557	55
176	[4469]	557	55
177	[5663]	557	55
178	[3098]	557	55
179	[1676]	557	55
180	[329]	557	55
181	[245]	557	55
182	[3310]	557	55
183	[4085]	556	54
184	[1124]	556	54
185	[2648]	556	54
186	[379]	555	54
187	[1011]	555	54
188	[5448]	555	54
189	[1023]	555	54
190	[4362]	554	54
191	[3847]	554	54
192	[74]	554	54
193	[3339]	554	54
194	[3481]	553	54
195	[4039]	553	54
196	[3536]	552	54
197	[2439]	552	54
198	[321]	552	54
199	[5437]	551	54
200	[5618]	551	54
201	[3504]	551	54
202	[2881]	550	54
203	[525]	550	54
204	[1089]	550	54
205	[2067]	550	54
206	[4241]	550	54
207	[2846]	550	54
208	[999]	548	53
209	[1710]	548	53
210	[3534]	548	53
211	[2468]	547	53
212	[263]	546	53
213	[1257]	546	53
214	[57]	546	53
215	[1540]	546	53
216	[4525]	545	53
217	[5878]	545	53
218	[834]	545	53
219	[2655]	544	53
220	[1391]	544	53
221	[5016]	543	53
222	[272]	543	53
223	[3039]	542	52
224	[2474]	542	52
225	[1675]	542	52
226	[1986]	542	52
227	[4468]	541	52
228	[1746]	541	52
229	[5913]	541	52
230	[180]	540	52
231	[4384]	540	52
232	[1250]	539	52
233	[6153]	538	52
234	[4063]	538	52
235	[384]	538	52
236	[1318]	538	52
237	[1262]	537	52
238	[3352]	537	52
239	[4550]	537	52
240	[2883]	537	52
241	[3637]	536	52
242	[5167]	536	52
243	[1983]	536	52
244	[191]	535	51
245	[503]	535	51
246	[6167]	535	51
247	[1511]	534	51
248	[5048]	534	51
249	[207]	534	51
250	[3574]	532	51
251	[4330]	532	51
252	[295]	532	51
253	[2438]	532	51
254	[3970]	532	51
255	[5914]	532	51
256	[1796]	531	51
257	[2586]	531	51
258	[4131]	531	51
259	[3932]	531	51
260	[5933]	531	51
261	[2194]	531	51
262	[5712]	531	51
263	[3452]	530	51
264	[5254]	530	51
265	[2337]	530	51
266	[111]	530	51
267	[4499]	529	51
268	[3604]	529	51
269	[1310]	529	51
270	[5891]	528	50
271	[5832]	527	50
272	[6144]	527	50
273	[1756]	526	50
274	[3166]	526	50
275	[4377]	526	50
276	[233]	526	50
277	[2081]	526	50
278	[2486]	526	50
279	[3419]	526	50
280	[3234]	526	50
281	[5872]	525	50
282	[2990]	525	50
283	[2502]	525	50
284	[6086]	525	50
285	[4920]	525	50
286	[3546]	524	50
287	[135]	524	50
288	[1065]	523	50
289	[401]	522	50
290	[5842]	521	50
291	[6166]	521	50
292	[4216]	521	50
293	[1126]	520	49
294	[5518]	520	49
295	[193]	520	49
296	[5279]	519	49
297	[1764]	519	49
298	[2974]	519	49
299	[870]	519	49
300	[3147]	518	49
301	[123]	518	49
302	[5450]	518	49
303	[5472]	518	49
304	[4180]	518	49
305	[4276]	517	49
306	[1533]	517	49
307	[3770]	516	49
308	[5401]	516	49
309	[1258]	516	49
310	[5124]	516	49
311	[1769]	515	49
312	[5980]	515	49
313	[333]	515	49
314	[4122]	515	49
315	[1836]	515	49
316	[3602]	515	49
317	[3128]	514	49
318	[6171]	514	49
319	[5851]	514	49
320	[4519]	513	48
321	[5030]	513	48
322	[341]	513	48
323	[1086]	512	48
324	[423]	512	48
325	[1296]	511	48
326	[4159]	511	48
327	[1625]	511	48
328	[5677]	510	48
329	[5854]	510	48
330	[6035]	510	48
331	[4290]	509	48
332	[4183]	507	48
333	[5726]	507	48
334	[4146]	507	48
335	[2761]	507	48
336	[5801]	507	48
337	[5830]	507	48
338	[5039]	507	48
339	[5926]	507	48
340	[1775]	507	48
341	[3824]	506	47
342	[141]	506	47
343	[1153]	506	47
344	[5624]	506	47
345	[2978]	506	47
346	[2987]	506	47
347	[5996]	505	47
348	[4911]	505	47
349	[4010]	504	47
350	[5199]	503	47
351	[4930]	502	47
352	[1311]	502	47
353	[2980]	502	47
354	[812]	501	47
355	[5818]	501	47
356	[597]	501	47
357	[4534]	500	47
358	[2638]	500	47
359	[2634]	500	47
360	[5505]	500	47
361	[746]	499	46
362	[5885]	499	46
363	[1339]	497	46
364	[3688]	497	46
365	[6219]	497	46
366	[4646]	497	46
367	[2619]	497	46
368	[6221]	496	46
369	[4547]	496	46
370	[836]	496	46
371	[5910]	496	46
372	[3397]	496	46
373	[1723]	495	46
374	[6012]	495	46
375	[2642]	495	46
376	[1730]	495	46
377	[279]	494	46
378	[107]	494	46
379	[1648]	494	46
380	[4590]	494	46
381	[4060]	494	46
382	[103]	493	46
383	[2415]	493	46
384	[5811]	493	46
385	[5837]	493	46
386	[4135]	493	46
387	[2341]	492	45
388	[5098]	492	45
389	[3853]	492	45
390	[4945]	492	45
391	[4405]	491	45
392	[60]	490	45
393	[6193]	490	45
394	[4905]	490	45
395	[1510]	490	45
396	[5686]	489	45
397	[5900]	489	45
398	[5816]	489	45
399	[1701]	489	45
400	[1662]	489	45
401	[181]	488	45
402	[5431]	488	45
403	[3324]	488	45
404	[3656]	488	45
405	[5053]	487	45
406	[4188]	487	45
407	[3211]	487	45
408	[670]	487	45
409	[68]	487	45
410	[3490]	487	45
411	[3506]	486	45
412	[236]	486	45
413	[3880]	486	45
414	[498]	485	44
415	[5804]	485	44
416	[1325]	485	44
417	[2526]	485	44
418	[188]	484	44
419	[2363]	484	44
420	[4508]	484	44
421	[1671]	484	44
422	[120]	484	44
423	[3930]	483	44
424	[5439]	483	44
425	[6220]	483	44
426	[6134]	483	44
427	[4009]	483	44
428	[2935]	482	44
429	[3042]	482	44
430	[5012]	481	44
431	[6075]	481	44
432	[3019]	481	44
433	[3230]	481	44
434	[1939]	480	44
435	[5050]	480	44
436	[6098]	480	44
437	[1629]	479	44
438	[2405]	479	44
439	[2338]	479	44
440	[5817]	479	44
441	[1923]	479	44
442	[3414]	479	44
443	[4026]	478	43
444	[1389]	478	43
445	[4329]	478	43
446	[1208]	477	43
447	[3135]	477	43
448	[1902]	477	43
449	[5822]	476	43
450	[1732]	476	43
451	[8]	476	43
452	[3015]	476	43
453	[5274]	475	43
454	[422]	474	43
455	[5839]	474	43
456	[3132]	474	43
457	[2168]	474	43
458	[3260]	474	43
459	[2383]	473	43
460	[1209]	473	43
461	[4625]	473	43
462	[88]	473	43
463	[5924]	473	43
464	[5803]	472	43
465	[4087]	472	43
466	[6032]	472	43
467	[5930]	472	43
468	[5976]	472	43
469	[190]	471	42
470	[4931]	470	42
471	[6175]	470	42
472	[2733]	470	42
473	[287]	469	42
474	[4910]	469	42
475	[4450]	469	42
476	[540]	468	42
477	[4740]	468	42
478	[932]	468	42
479	[1218]	468	42
480	[339]	468	42
481	[5834]	467	42
482	[66]	467	42
483	[5232]	467	42
484	[3925]	466	42
485	[4536]	465	42
486	[3102]	465	42
487	[3158]	465	42
488	[6070]	464	41
489	[1529]	464	41
490	[2212]	463	41
491	[5920]	463	41
492	[5805]	462	41
493	[5034]	462	41
494	[1860]	462	41
495	[5855]	462	41
496	[5679]	461	41
497	[5690]	460	41
498	[3533]	460	41
499	[5915]	459	41
500	[6055]	459	41
501	[623]	459	41
502	[4061]	458	41
503	[5572]	458	41
504	[5454]	458	41
505	[538]	458	41
506	[5846]	457	40
507	[771]	457	40
508	[1159]	456	40
509	[5024]	455	40
510	[5827]	454	40
511	[4744]	454	40
512	[5006]	454	40
513	[604]	454	40
514	[3374]	453	40
515	[5870]	453	40
516	[4013]	452	40
517	[5084]	452	40
518	[1665]	451	40
519	[3926]	450	39
520	[839]	450	39
521	[781]	450	39
522	[6082]	449	39
523	[3018]	449	39
524	[4125]	449	39
525	[5417]	449	39
526	[1073]	448	39
527	[4403]	448	39
528	[1197]	448	39
529	[2202]	447	39
530	[6016]	446	39
531	[1123]	446	39
532	[2370]	445	39
533	[2220]	445	39
534	[1991]	444	39
535	[3049]	444	39
536	[5057]	443	38
537	[955]	442	38
538	[1700]	442	38
539	[537]	442	38
540	[5987]	441	38
541	[1405]	440	38
542	[6072]	439	38
543	[3303]	439	38
544	[3630]	438	38
545	[4607]	437	38
546	[5410]	436	37
547	[3527]	436	37
548	[2283]	435	37
549	[5940]	434	37
550	[296]	434	37
551	[11]	432	37
552	[2848]	432	37
553	[5912]	431	37
554	[5876]	431	37
555	[4401]	430	37
556	[3389]	429	36
557	[2907]	429	36
558	[4828]	428	36
559	[3600]	428	36
560	[5243]	428	36
561	[5333]	427	36
562	[3021]	427	36
563	[1973]	427	36
564	[5858]	426	36
565	[3646]	426	36
566	[3965]	425	36
567	[5847]	424	36
568	[4761]	424	36
569	[3288]	424	36
570	[980]	424	36
571	[5897]	423	36
572	[4121]	423	36
573	[3562]	423	36
574	[3961]	421	35
575	[1156]	421	35
576	[1729]	421	35
577	[5892]	419	35
578	[1868]	415	34
579	[4335]	413	34
580	[5879]	413	34
581	[3786]	411	34
582	[4592]	411	34
583	[1622]	408	33
584	[5899]	405	33
585	[5809]	404	33
586	[433]	401	32
587	[5422]	400	32
588	[51]	400	32
589	[3655]	399	32
590	[6034]	392	31
591	[5332]	385	30
592	[2080]	371	28
593	[1369]	368	28
594	[4455]	358	26
595	[2102]	354	26
596	[5404]	258	12
597	[3735]	210	5
598	[3560]	210	5
599	[4301]	174	0
last update: Sat Apr 30 2016 05:34:30 GMT+0800 (HKT)