last update: Fri Apr 29 2016 23:16:44 GMT+0800 (HKT)

order	team	score	std
0	[1519]	875	100
1	[973]	810	91
2	[195]	810	91
3	[1241]	800	89
4	[3130]	785	87
5	[2834]	750	82
6	[254]	741	81
7	[133]	729	79
8	[3620]	716	77
9	[4001]	715	77
10	[118]	714	77
11	[230]	711	77
12	[2451]	705	76
13	[27]	704	76
14	[1024]	700	75
15	[166]	694	74
16	[16]	688	73
17	[67]	685	73
18	[148]	680	72
19	[225]	678	72
20	[4003]	675	71
21	[2823]	675	71
22	[971]	675	71
23	[45]	675	71
24	[2614]	667	70
25	[5172]	665	70
26	[4564]	665	70
27	[987]	665	70
28	[5895]	660	69
29	[3166]	655	69
30	[2056]	650	68
31	[3357]	647	67
32	[610]	647	67
33	[360]	646	67
34	[5907]	645	67
35	[708]	644	67
36	[3314]	643	67
37	[1391]	640	66
38	[1806]	640	66
39	[1918]	638	66
40	[333]	635	66
41	[4060]	635	66
42	[868]	634	66
43	[876]	634	66
44	[3641]	633	65
45	[2035]	630	65
46	[2767]	629	65
47	[1114]	628	65
48	[1310]	625	64
49	[3538]	623	64
50	[1323]	623	64
51	[122]	622	64
52	[1678]	620	64
53	[1425]	620	64
54	[1011]	619	63
55	[4678]	619	63
56	[2471]	618	63
57	[5813]	617	63
58	[172]	617	63
59	[1736]	617	63
60	[330]	616	63
61	[294]	616	63
62	[2137]	615	63
63	[1885]	614	63
64	[558]	610	62
65	[3476]	609	62
66	[41]	605	61
67	[2996]	605	61
68	[2052]	605	61
69	[5437]	605	61
70	[1640]	605	61
71	[4587]	604	61
72	[359]	602	61
73	[5663]	602	61
74	[6167]	601	61
75	[1538]	600	61
76	[4967]	600	61
77	[5546]	600	61
78	[125]	599	61
79	[4561]	599	61
80	[5150]	599	61
81	[2637]	599	61
82	[70]	599	61
83	[548]	598	60
84	[3419]	598	60
85	[910]	597	60
86	[842]	597	60
87	[2393]	595	60
88	[5114]	595	60
89	[5891]	595	60
90	[2485]	594	60
91	[3452]	593	60
92	[3600]	593	60
93	[639]	592	60
94	[48]	592	60
95	[3970]	592	60
96	[379]	592	60
97	[2046]	591	59
98	[2557]	591	59
99	[1747]	591	59
100	[2590]	589	59
101	[1690]	589	59
102	[5406]	588	59
103	[2122]	587	59
104	[4451]	587	59
105	[3245]	586	59
106	[20]	586	59
107	[1501]	585	59
108	[1718]	585	59
109	[4103]	584	58
110	[2403]	584	58
111	[3663]	583	58
112	[4242]	583	58
113	[2054]	582	58
114	[329]	581	58
115	[834]	581	58
116	[1676]	581	58
117	[3309]	580	58
118	[33]	580	58
119	[1305]	580	58
120	[5803]	580	58
121	[233]	580	58
122	[3937]	579	58
123	[1023]	579	58
124	[25]	579	58
125	[5460]	579	58
126	[2147]	578	58
127	[3683]	578	58
128	[229]	578	58
129	[858]	577	57
130	[2439]	577	57
131	[4391]	576	57
132	[3990]	576	57
133	[2481]	576	57
134	[1731]	576	57
135	[175]	575	57
136	[2771]	575	57
137	[1481]	575	57
138	[2522]	575	57
139	[4039]	574	57
140	[1477]	573	57
141	[3310]	572	57
142	[3238]	572	57
143	[179]	571	57
144	[120]	571	57
145	[217]	570	56
146	[3478]	570	56
147	[904]	570	56
148	[1836]	569	56
149	[2081]	569	56
150	[3604]	569	56
151	[245]	569	56
152	[3234]	568	56
153	[2175]	568	56
154	[1987]	567	56
155	[126]	567	56
156	[5926]	567	56
157	[4264]	567	56
158	[5677]	564	56
159	[1540]	564	56
160	[1559]	563	55
161	[4085]	562	55
162	[3481]	562	55
163	[4613]	562	55
164	[1684]	562	55
165	[1124]	561	55
166	[4469]	561	55
167	[3098]	560	55
168	[78]	560	55
169	[694]	560	55
170	[5499]	559	55
171	[3618]	559	55
172	[1712]	559	55
173	[1306]	558	55
174	[228]	558	55
175	[191]	558	55
176	[4256]	558	55
177	[461]	558	55
178	[85]	557	55
179	[1261]	557	55
180	[5914]	556	54
181	[1511]	555	54
182	[1099]	555	54
183	[4920]	555	54
184	[525]	555	54
185	[1756]	555	54
186	[3504]	555	54
187	[2883]	555	54
188	[4241]	554	54
189	[365]	554	54
190	[1983]	554	54
191	[4330]	553	54
192	[2064]	553	54
193	[5448]	553	54
194	[494]	553	54
195	[2881]	553	54
196	[4488]	553	54
197	[2468]	552	54
198	[319]	552	54
199	[231]	552	54
200	[869]	551	54
201	[3688]	551	54
202	[2067]	550	54
203	[2648]	550	54
204	[3339]	550	54
205	[4525]	550	54
206	[1058]	550	54
207	[870]	549	53
208	[4028]	549	53
209	[1764]	549	53
210	[2486]	548	53
211	[5618]	548	53
212	[4550]	547	53
213	[5801]	546	53
214	[5254]	546	53
215	[5933]	545	53
216	[177]	544	53
217	[3352]	543	53
218	[3044]	542	52
219	[5167]	542	52
220	[2341]	541	52
221	[5401]	541	52
222	[4135]	541	52
223	[1768]	541	52
224	[1318]	541	52
225	[1619]	540	52
226	[1746]	540	52
227	[2502]	540	52
228	[1250]	539	52
229	[3637]	538	52
230	[2846]	538	52
231	[597]	537	52
232	[1710]	537	52
233	[2783]	537	52
234	[1418]	537	52
235	[5505]	536	52
236	[4499]	535	51
237	[2974]	535	51
238	[2990]	535	51
239	[135]	535	51
240	[4180]	535	51
241	[503]	535	51
242	[3158]	534	51
243	[4146]	534	51
244	[573]	534	51
245	[4911]	534	51
246	[207]	533	51
247	[1089]	533	51
248	[3539]	532	51
249	[5039]	532	51
250	[3039]	532	51
251	[364]	531	51
252	[3360]	531	51
253	[1796]	531	51
254	[5166]	530	51
255	[4063]	529	51
256	[5712]	529	51
257	[1086]	528	50
258	[1648]	527	50
259	[2474]	527	50
260	[5830]	527	50
261	[1923]	526	50
262	[4159]	526	50
263	[346]	526	50
264	[193]	526	50
265	[6220]	525	50
266	[5832]	525	50
267	[6035]	525	50
268	[5279]	525	50
269	[4905]	524	50
270	[4329]	523	50
271	[6086]	523	50
272	[1665]	523	50
273	[746]	523	50
274	[5817]	522	50
275	[103]	522	50
276	[1986]	522	50
277	[3546]	522	50
278	[1625]	522	50
279	[6193]	522	50
280	[111]	521	50
281	[3284]	521	50
282	[4405]	521	50
283	[2013]	521	50
284	[6166]	521	50
285	[180]	520	49
286	[5816]	519	49
287	[4131]	519	49
288	[1137]	519	49
289	[5842]	519	49
290	[4216]	519	49
291	[5686]	519	49
292	[6098]	519	49
293	[5980]	518	49
294	[3147]	518	49
295	[2337]	518	49
296	[4534]	518	49
297	[2638]	518	49
298	[1159]	518	49
299	[5624]	518	49
300	[2980]	518	49
301	[5199]	517	49
302	[263]	517	49
303	[5900]	516	49
304	[3930]	516	49
305	[540]	516	49
306	[1991]	516	49
307	[1262]	515	49
308	[4362]	515	49
309	[4468]	515	49
310	[3925]	514	49
311	[341]	513	48
312	[401]	511	48
313	[4290]	511	48
314	[1257]	510	48
315	[6153]	510	48
316	[321]	510	48
317	[303]	510	48
318	[6219]	510	48
319	[5834]	509	48
320	[5878]	509	48
321	[3932]	509	48
322	[5124]	508	48
323	[68]	507	48
324	[57]	507	48
325	[4945]	507	48
326	[74]	507	48
327	[3534]	506	47
328	[2526]	506	47
329	[3847]	506	47
330	[2586]	506	47
331	[1065]	505	47
332	[3128]	505	47
333	[5913]	505	47
334	[5098]	503	47
335	[4377]	503	47
336	[3324]	503	47
337	[1258]	502	47
338	[1339]	502	47
339	[4334]	502	47
340	[5811]	502	47
341	[2212]	501	47
342	[5726]	501	47
343	[3374]	501	47
344	[5030]	501	47
345	[1860]	501	47
346	[999]	500	47
347	[5910]	500	47
348	[176]	500	47
349	[3536]	500	47
350	[5804]	500	47
351	[2445]	499	46
352	[812]	499	46
353	[2415]	498	46
354	[4590]	498	46
355	[4253]	498	46
356	[384]	498	46
357	[1675]	497	46
358	[5837]	497	46
359	[2383]	497	46
360	[4087]	496	46
361	[5084]	496	46
362	[4276]	496	46
363	[1510]	496	46
364	[5326]	496	46
365	[4009]	496	46
366	[3211]	496	46
367	[4026]	496	46
368	[295]	496	46
369	[107]	495	46
370	[1671]	495	46
371	[1296]	495	46
372	[1662]	495	46
373	[6012]	495	46
374	[2634]	495	46
375	[3490]	495	46
376	[3506]	494	46
377	[4646]	494	46
378	[1775]	494	46
379	[3574]	494	46
380	[5016]	493	46
381	[3880]	493	46
382	[4188]	493	46
383	[339]	493	46
384	[4384]	493	46
385	[1126]	493	46
386	[5472]	492	45
387	[3260]	492	45
388	[5805]	492	45
389	[181]	491	45
390	[5053]	491	45
391	[2655]	490	45
392	[836]	490	45
393	[4508]	490	45
394	[4744]	490	45
395	[5012]	490	45
396	[5854]	490	45
397	[1701]	489	45
398	[686]	489	45
399	[3602]	489	45
400	[4930]	488	45
401	[1732]	488	45
402	[287]	487	45
403	[623]	487	45
404	[670]	487	45
405	[4010]	486	45
406	[5431]	486	45
407	[3230]	486	45
408	[1730]	485	44
409	[2935]	484	44
410	[188]	484	44
411	[3533]	484	44
412	[5885]	484	44
413	[4450]	484	44
414	[1389]	483	44
415	[3389]	483	44
416	[272]	483	44
417	[1902]	482	44
418	[2642]	482	44
419	[5454]	482	44
420	[433]	482	44
421	[5572]	481	44
422	[4183]	481	44
423	[5274]	481	44
424	[1197]	480	44
425	[5439]	480	44
426	[141]	480	44
427	[2202]	480	44
428	[3853]	480	44
429	[3005]	479	44
430	[932]	478	43
431	[5855]	478	43
432	[1939]	477	43
433	[5924]	477	43
434	[5024]	477	43
435	[4910]	477	43
436	[3015]	476	43
437	[6070]	476	43
438	[4519]	475	43
439	[4122]	475	43
440	[3019]	475	43
441	[3770]	474	43
442	[88]	474	43
443	[5050]	474	43
444	[2987]	474	43
445	[5232]	473	43
446	[4625]	473	43
447	[8]	472	43
448	[839]	472	43
449	[1073]	472	43
450	[498]	472	43
451	[1218]	471	42
452	[5034]	471	42
453	[6144]	471	42
454	[1208]	471	42
455	[1723]	471	42
456	[2168]	470	42
457	[2338]	470	42
458	[1153]	470	42
459	[1123]	470	42
460	[2619]	470	42
461	[5518]	469	42
462	[5690]	468	42
463	[4607]	468	42
464	[5048]	468	42
465	[2194]	467	42
466	[2978]	467	42
467	[5996]	467	42
468	[5006]	466	42
469	[1533]	466	42
470	[236]	466	42
471	[2363]	466	42
472	[4931]	464	41
473	[296]	464	41
474	[5839]	464	41
475	[1529]	464	41
476	[3042]	463	41
477	[60]	463	41
478	[4403]	463	41
479	[6072]	463	41
480	[5915]	462	41
481	[5827]	462	41
482	[3132]	462	41
483	[4125]	461	41
484	[1629]	461	41
485	[6175]	460	41
486	[123]	460	41
487	[6055]	459	41
488	[4536]	458	41
489	[5930]	458	41
490	[423]	458	41
491	[279]	457	40
492	[5822]	456	40
493	[604]	454	40
494	[1700]	454	40
495	[1311]	454	40
496	[6134]	453	40
497	[3926]	453	40
498	[66]	453	40
499	[771]	453	40
500	[4740]	453	40
501	[6171]	452	40
502	[5920]	451	40
503	[5679]	451	40
504	[5976]	450	39
505	[6032]	450	39
506	[781]	450	39
507	[5876]	449	39
508	[5417]	448	39
509	[3135]	447	39
510	[6075]	447	39
511	[5987]	447	39
512	[1209]	447	39
513	[3303]	446	39
514	[6016]	446	39
515	[2220]	445	39
516	[955]	445	39
517	[3414]	445	39
518	[2733]	444	39
519	[3656]	443	38
520	[4335]	443	38
521	[4401]	442	38
522	[2907]	441	38
523	[1405]	440	38
524	[5057]	440	38
525	[6221]	439	38
526	[3527]	439	38
527	[5243]	439	38
528	[538]	437	38
529	[6082]	436	37
530	[422]	436	37
531	[4761]	436	37
532	[2080]	436	37
533	[2283]	435	37
534	[4121]	434	37
535	[5940]	434	37
536	[3965]	433	37
537	[1973]	433	37
538	[5912]	432	37
539	[5897]	432	37
540	[190]	431	37
541	[2370]	431	37
542	[5892]	428	36
543	[3018]	427	36
544	[5846]	427	36
545	[3646]	426	36
546	[3102]	424	36
547	[1729]	424	36
548	[5899]	423	36
549	[3562]	423	36
550	[3630]	422	35
551	[3961]	421	35
552	[5809]	419	35
553	[1156]	417	35
554	[5858]	414	34
555	[4592]	411	34
556	[1622]	411	34
557	[980]	410	34
558	[2848]	408	33
559	[3021]	408	33
560	[4828]	405	33
561	[3655]	405	33
562	[5422]	403	33
563	[5818]	403	33
564	[5333]	401	32
565	[3786]	393	31
566	[4061]	392	31
567	[5332]	391	31
568	[5410]	384	30
569	[1868]	379	29
570	[1369]	377	29
571	[2102]	372	28
572	[11]	370	28
573	[4455]	358	26
574	[51]	346	25
575	[1143]	285	16
576	[1325]	273	14
577	[2438]	264	13
578	[5404]	258	12
579	[3824]	258	12
580	[3735]	246	10
581	[6025]	246	10
582	[2761]	243	10
583	[2405]	237	9
584	[3049]	237	9
585	[1769]	234	9
586	[3397]	234	9
587	[5450]	222	7
588	[4547]	222	7
589	[5851]	219	6
590	[3288]	216	6
591	[5847]	216	6
592	[3560]	210	5
593	[537]	210	5
594	[5879]	207	5
595	[5870]	207	5
596	[5872]	207	5
597	[6034]	204	4
598	[4013]	198	3
599	[4301]	174	0
last update: Fri Apr 29 2016 23:16:44 GMT+0800 (HKT)