last update: Sat Apr 30 2016 04:28:00 GMT+0800 (HKT)

order	team	score	std
0	[1241]	875	100
1	[973]	855	97
2	[67]	825	93
3	[195]	820	92
4	[2451]	785	87
5	[1519]	752	82
6	[254]	741	81
7	[230]	741	81
8	[3620]	737	80
9	[27]	730	79
10	[133]	729	79
11	[118]	728	79
12	[5172]	711	77
13	[2823]	705	76
14	[148]	702	75
15	[971]	699	75
16	[166]	694	74
17	[16]	688	73
18	[179]	683	73
19	[225]	682	72
20	[4003]	675	71
21	[1024]	670	71
22	[2035]	668	70
23	[3314]	665	70
24	[2056]	662	70
25	[3641]	657	69
26	[48]	654	68
27	[5546]	650	68
28	[610]	649	68
29	[294]	648	68
30	[360]	646	67
31	[2767]	645	67
32	[708]	644	67
33	[1425]	644	67
34	[1678]	642	67
35	[1918]	642	67
36	[1690]	641	67
37	[694]	639	66
38	[359]	639	66
39	[217]	639	66
40	[2052]	637	66
41	[868]	636	66
42	[333]	635	66
43	[2122]	633	65
44	[4564]	632	65
45	[4561]	631	65
46	[1731]	630	65
47	[1736]	627	65
48	[1806]	626	64
49	[3683]	625	64
50	[2485]	624	64
51	[1418]	623	64
52	[122]	622	64
53	[4678]	620	64
54	[5663]	620	64
55	[3990]	620	64
56	[2471]	618	63
57	[558]	618	63
58	[1323]	617	63
59	[2393]	617	63
60	[330]	616	63
61	[1538]	615	63
62	[5150]	614	63
63	[1885]	614	63
64	[126]	613	63
65	[3238]	613	63
66	[1114]	612	62
67	[2557]	611	62
68	[1305]	611	62
69	[2996]	611	62
70	[876]	610	62
71	[5895]	610	62
72	[25]	609	62
73	[2637]	608	62
74	[20]	608	62
75	[33]	608	62
76	[1747]	607	62
77	[2590]	605	61
78	[3476]	605	61
79	[842]	605	61
80	[3130]	605	61
81	[4587]	604	61
82	[2137]	603	61
83	[3663]	601	61
84	[910]	600	61
85	[2403]	598	60
86	[5406]	598	60
87	[4391]	597	60
88	[2013]	597	60
89	[1718]	597	60
90	[41]	596	60
91	[3044]	596	60
92	[2614]	595	60
93	[3309]	595	60
94	[548]	595	60
95	[3937]	595	60
96	[3618]	594	60
97	[1058]	594	60
98	[229]	594	60
99	[5499]	593	60
100	[1501]	593	60
101	[245]	593	60
102	[172]	593	60
103	[70]	592	60
104	[2834]	591	59
105	[5114]	590	59
106	[4613]	590	59
107	[319]	590	59
108	[5460]	589	59
109	[1011]	589	59
110	[346]	589	59
111	[869]	589	59
112	[2054]	589	59
113	[2481]	588	59
114	[125]	587	59
115	[1306]	586	59
116	[177]	586	59
117	[5907]	585	59
118	[3360]	585	59
119	[4334]	585	59
120	[4967]	585	59
121	[303]	584	58
122	[4103]	584	58
123	[1124]	583	58
124	[2175]	582	58
125	[3005]	582	58
126	[2046]	582	58
127	[4242]	580	58
128	[231]	580	58
129	[4001]	580	58
130	[5813]	579	58
131	[3538]	578	58
132	[1769]	578	58
133	[858]	577	57
134	[1987]	577	57
135	[573]	576	57
136	[228]	576	57
137	[1261]	576	57
138	[2502]	576	57
139	[461]	576	57
140	[4488]	575	57
141	[2147]	575	57
142	[2522]	575	57
143	[85]	575	57
144	[365]	574	57
145	[4451]	573	57
146	[1099]	572	57
147	[3357]	572	57
148	[1640]	571	57
149	[494]	571	57
150	[4256]	571	57
151	[1768]	569	56
152	[1481]	569	56
153	[1559]	569	56
154	[4264]	569	56
155	[364]	569	56
156	[78]	566	56
157	[3539]	566	56
158	[2771]	566	56
159	[3245]	565	56
160	[4063]	565	56
161	[1712]	565	56
162	[2783]	564	56
163	[5891]	564	56
164	[45]	564	56
165	[1746]	562	55
166	[904]	562	55
167	[4241]	562	55
168	[1318]	562	55
169	[5166]	561	55
170	[2445]	561	55
171	[3478]	561	55
172	[175]	560	55
173	[1477]	558	55
174	[3098]	557	55
175	[4469]	557	55
176	[1676]	557	55
177	[3310]	557	55
178	[329]	557	55
179	[4253]	556	54
180	[1684]	556	54
181	[2648]	556	54
182	[639]	556	54
183	[1391]	556	54
184	[4085]	556	54
185	[2486]	556	54
186	[2883]	555	54
187	[1023]	555	54
188	[379]	555	54
189	[3339]	554	54
190	[4039]	553	54
191	[5448]	553	54
192	[3419]	553	54
193	[4028]	553	54
194	[2064]	552	54
195	[2439]	552	54
196	[3536]	552	54
197	[987]	551	54
198	[5437]	551	54
199	[5618]	551	54
200	[3504]	551	54
201	[5326]	550	54
202	[525]	550	54
203	[2881]	550	54
204	[2067]	550	54
205	[1511]	549	53
206	[3284]	548	53
207	[1710]	548	53
208	[3039]	548	53
209	[999]	548	53
210	[2468]	547	53
211	[1089]	547	53
212	[4146]	546	53
213	[57]	546	53
214	[1540]	546	53
215	[834]	545	53
216	[4525]	545	53
217	[4377]	544	53
218	[2655]	544	53
219	[191]	544	53
220	[1619]	543	53
221	[272]	543	53
222	[5016]	543	53
223	[321]	542	52
224	[2474]	542	52
225	[5167]	542	52
226	[74]	542	52
227	[3481]	541	52
228	[5914]	541	52
229	[3234]	541	52
230	[5913]	541	52
231	[180]	540	52
232	[1983]	539	52
233	[1137]	539	52
234	[1250]	539	52
235	[193]	538	52
236	[3534]	538	52
237	[6153]	538	52
238	[401]	537	52
239	[1764]	537	52
240	[3352]	537	52
241	[3637]	536	52
242	[6167]	535	51
243	[5878]	535	51
244	[503]	535	51
245	[207]	534	51
246	[5048]	534	51
247	[2978]	533	51
248	[4468]	533	51
249	[1310]	532	51
250	[3574]	532	51
251	[3970]	532	51
252	[4330]	532	51
253	[295]	532	51
254	[2438]	532	51
255	[5712]	531	51
256	[1796]	531	51
257	[4131]	531	51
258	[3932]	531	51
259	[5254]	530	51
260	[111]	530	51
261	[3452]	530	51
262	[1143]	530	51
263	[5933]	529	51
264	[4499]	529	51
265	[3604]	529	51
266	[1262]	529	51
267	[1986]	528	50
268	[1257]	528	50
269	[6144]	527	50
270	[5832]	527	50
271	[2846]	526	50
272	[2341]	526	50
273	[233]	526	50
274	[1625]	526	50
275	[3166]	526	50
276	[2081]	526	50
277	[4276]	526	50
278	[1756]	526	50
279	[2990]	525	50
280	[6220]	525	50
281	[6086]	525	50
282	[5872]	525	50
283	[4920]	525	50
284	[3546]	524	50
285	[1533]	523	50
286	[1065]	523	50
287	[5039]	522	50
288	[6166]	521	50
289	[4362]	521	50
290	[4216]	521	50
291	[4122]	521	50
292	[5842]	521	50
293	[4384]	520	49
294	[5279]	519	49
295	[870]	519	49
296	[2974]	519	49
297	[4180]	518	49
298	[123]	518	49
299	[3147]	518	49
300	[1671]	517	49
301	[1675]	517	49
302	[4911]	517	49
303	[5851]	517	49
304	[2586]	516	49
305	[1902]	516	49
306	[1258]	516	49
307	[5401]	516	49
308	[3770]	516	49
309	[5801]	516	49
310	[1836]	515	49
311	[263]	514	49
312	[6171]	514	49
313	[3128]	514	49
314	[5030]	513	48
315	[4519]	513	48
316	[5098]	513	48
317	[341]	513	48
318	[1339]	512	48
319	[2638]	512	48
320	[1086]	512	48
321	[4159]	511	48
322	[1296]	511	48
323	[5816]	510	48
324	[6035]	510	48
325	[5854]	510	48
326	[5677]	510	48
327	[5830]	507	48
328	[686]	507	48
329	[5726]	507	48
330	[4550]	507	48
331	[5926]	507	48
332	[1923]	506	47
333	[1153]	506	47
334	[141]	506	47
335	[5518]	505	47
336	[5996]	505	47
337	[5811]	505	47
338	[176]	504	47
339	[2642]	504	47
340	[3847]	504	47
341	[4010]	504	47
342	[5686]	504	47
343	[5505]	503	47
344	[2194]	503	47
345	[5199]	503	47
346	[4930]	502	47
347	[2980]	502	47
348	[1311]	502	47
349	[5980]	501	47
350	[812]	501	47
351	[597]	501	47
352	[5472]	500	47
353	[2634]	500	47
354	[4534]	500	47
355	[498]	500	47
356	[2337]	500	47
357	[6221]	499	46
358	[746]	499	46
359	[384]	498	46
360	[1648]	497	46
361	[6219]	497	46
362	[4646]	497	46
363	[3688]	497	46
364	[2619]	497	46
365	[423]	496	46
366	[836]	496	46
367	[135]	496	46
368	[1126]	496	46
369	[4547]	496	46
370	[5124]	496	46
371	[3397]	496	46
372	[1730]	495	46
373	[6012]	495	46
374	[3824]	494	46
375	[279]	494	46
376	[3853]	494	46
377	[5624]	494	46
378	[4060]	494	46
379	[4590]	494	46
380	[107]	494	46
381	[1939]	494	46
382	[103]	493	46
383	[4135]	493	46
384	[5837]	493	46
385	[1325]	493	46
386	[2987]	492	45
387	[1991]	492	45
388	[4945]	492	45
389	[2415]	491	45
390	[4405]	491	45
391	[6193]	490	45
392	[4905]	490	45
393	[5012]	490	45
394	[1510]	490	45
395	[5900]	489	45
396	[3602]	489	45
397	[1662]	489	45
398	[1701]	489	45
399	[5431]	488	45
400	[181]	488	45
401	[3324]	488	45
402	[4290]	487	45
403	[4183]	487	45
404	[3211]	487	45
405	[670]	487	45
406	[68]	487	45
407	[3880]	486	45
408	[3506]	486	45
409	[3132]	486	45
410	[3042]	485	44
411	[1723]	485	44
412	[2526]	485	44
413	[2761]	485	44
414	[5804]	485	44
415	[188]	484	44
416	[4508]	484	44
417	[2363]	484	44
418	[5439]	483	44
419	[6134]	483	44
420	[3490]	483	44
421	[4009]	483	44
422	[5910]	482	44
423	[3930]	481	44
424	[3230]	481	44
425	[5818]	481	44
426	[4188]	481	44
427	[6075]	481	44
428	[6098]	480	44
429	[3260]	480	44
430	[2338]	479	44
431	[1775]	479	44
432	[2405]	479	44
433	[1629]	479	44
434	[2935]	478	43
435	[4329]	478	43
436	[339]	478	43
437	[4910]	477	43
438	[1208]	477	43
439	[1732]	476	43
440	[3015]	476	43
441	[8]	476	43
442	[5822]	476	43
443	[5839]	474	43
444	[1389]	474	43
445	[1209]	473	43
446	[4625]	473	43
447	[5053]	473	43
448	[5924]	473	43
449	[88]	473	43
450	[5679]	473	43
451	[2383]	473	43
452	[4087]	472	43
453	[5976]	472	43
454	[5803]	472	43
455	[190]	471	42
456	[5034]	471	42
457	[2168]	470	42
458	[2733]	470	42
459	[4450]	469	42
460	[287]	469	42
461	[932]	468	42
462	[1218]	468	42
463	[236]	468	42
464	[540]	468	42
465	[4026]	468	42
466	[4740]	468	42
467	[5050]	468	42
468	[5834]	467	42
469	[5232]	467	42
470	[3656]	467	42
471	[66]	467	42
472	[3925]	466	42
473	[1159]	465	42
474	[3158]	465	42
475	[3102]	465	42
476	[1529]	464	41
477	[6070]	464	41
478	[6175]	464	41
479	[4931]	464	41
480	[5885]	463	41
481	[1665]	463	41
482	[5920]	463	41
483	[2212]	463	41
484	[1860]	462	41
485	[5805]	462	41
486	[5855]	462	41
487	[3414]	461	41
488	[3600]	461	41
489	[5690]	460	41
490	[3533]	460	41
491	[5915]	459	41
492	[6055]	459	41
493	[623]	459	41
494	[5817]	459	41
495	[4536]	459	41
496	[3019]	459	41
497	[5572]	458	41
498	[5454]	458	41
499	[538]	458	41
500	[5846]	457	40
501	[6032]	456	40
502	[5024]	455	40
503	[1700]	454	40
504	[4744]	454	40
505	[604]	454	40
506	[5006]	454	40
507	[5870]	453	40
508	[3374]	453	40
509	[3389]	453	40
510	[5084]	452	40
511	[6082]	452	40
512	[5930]	452	40
513	[4013]	452	40
514	[4061]	452	40
515	[781]	450	39
516	[3926]	450	39
517	[5417]	449	39
518	[3018]	449	39
519	[4125]	449	39
520	[5243]	449	39
521	[537]	448	39
522	[120]	448	39
523	[3303]	448	39
524	[1073]	448	39
525	[1197]	448	39
526	[4403]	448	39
527	[5987]	447	39
528	[2202]	447	39
529	[1123]	446	39
530	[6016]	446	39
531	[771]	445	39
532	[2220]	445	39
533	[5274]	445	39
534	[2370]	445	39
535	[839]	444	39
536	[5057]	443	38
537	[955]	442	38
538	[1405]	440	38
539	[4828]	440	38
540	[4607]	437	38
541	[3527]	436	37
542	[60]	436	37
543	[422]	436	37
544	[5410]	436	37
545	[2283]	435	37
546	[6072]	435	37
547	[6034]	434	37
548	[5940]	434	37
549	[296]	434	37
550	[2848]	432	37
551	[5876]	431	37
552	[5912]	431	37
553	[4401]	430	37
554	[2907]	429	36
555	[433]	428	36
556	[5333]	427	36
557	[3021]	427	36
558	[1973]	427	36
559	[3646]	426	36
560	[3965]	425	36
561	[2080]	425	36
562	[5847]	424	36
563	[980]	424	36
564	[4761]	424	36
565	[3135]	423	36
566	[5897]	423	36
567	[3562]	423	36
568	[3630]	422	35
569	[1156]	421	35
570	[1729]	421	35
571	[3961]	421	35
572	[5827]	420	35
573	[5892]	419	35
574	[5858]	416	35
575	[4335]	413	34
576	[4121]	413	34
577	[5879]	413	34
578	[3786]	411	34
579	[4592]	411	34
580	[11]	410	34
581	[1622]	408	33
582	[5809]	407	33
583	[1868]	407	33
584	[5899]	405	33
585	[3655]	405	33
586	[5422]	400	32
587	[5332]	385	30
588	[51]	372	28
589	[1369]	368	28
590	[3288]	360	27
591	[4455]	358	26
592	[2102]	354	26
593	[5404]	258	12
594	[6025]	234	9
595	[3049]	228	8
596	[5450]	222	7
597	[3560]	210	5
598	[3735]	210	5
599	[4301]	174	0
last update: Sat Apr 30 2016 04:28:00 GMT+0800 (HKT)