last update: Sat Apr 30 2016 00:28:16 GMT+0800 (HKT)

order	team	score	std
0	[1519]	875	100
1	[1241]	865	99
2	[195]	810	91
3	[973]	810	91
4	[2451]	785	87
5	[67]	770	85
6	[254]	741	81
7	[27]	730	79
8	[133]	729	79
9	[118]	728	79
10	[230]	721	78
11	[3620]	716	77
12	[4001]	715	77
13	[2823]	705	76
14	[5172]	703	75
15	[1024]	700	75
16	[971]	699	75
17	[987]	695	74
18	[166]	694	74
19	[16]	688	73
20	[148]	688	73
21	[225]	678	72
22	[4003]	675	71
23	[1806]	665	70
24	[2035]	665	70
25	[2056]	662	70
26	[5895]	660	69
27	[48]	650	68
28	[5546]	650	68
29	[610]	647	67
30	[360]	646	67
31	[708]	644	67
32	[3314]	643	67
33	[2614]	640	66
34	[1391]	640	66
35	[1918]	638	66
36	[333]	635	66
37	[4564]	635	66
38	[1678]	634	66
39	[876]	634	66
40	[868]	634	66
41	[3641]	633	65
42	[2767]	629	65
43	[1114]	628	65
44	[122]	622	64
45	[3357]	620	64
46	[1425]	620	64
47	[1731]	620	64
48	[4678]	619	63
49	[2471]	618	63
50	[1323]	617	63
51	[2393]	617	63
52	[1736]	617	63
53	[330]	616	63
54	[294]	616	63
55	[1885]	614	63
56	[2485]	614	63
57	[3663]	613	63
58	[2996]	611	62
59	[558]	610	62
60	[3476]	609	62
61	[1011]	607	62
62	[3130]	605	61
63	[842]	605	61
64	[5437]	605	61
65	[245]	605	61
66	[41]	605	61
67	[2052]	605	61
68	[4587]	604	61
69	[2137]	603	61
70	[5663]	602	61
71	[359]	602	61
72	[3238]	602	61
73	[1305]	601	61
74	[6167]	601	61
75	[2122]	601	61
76	[4967]	600	61
77	[910]	600	61
78	[1538]	600	61
79	[4561]	599	61
80	[5150]	599	61
81	[70]	599	61
82	[125]	599	61
83	[548]	598	60
84	[2403]	598	60
85	[5891]	597	60
86	[3044]	596	60
87	[1690]	595	60
88	[229]	594	60
89	[5499]	593	60
90	[1718]	593	60
91	[172]	593	60
92	[3538]	593	60
93	[3452]	593	60
94	[4039]	592	60
95	[639]	592	60
96	[1747]	591	59
97	[2557]	591	59
98	[25]	591	59
99	[2046]	591	59
100	[2834]	591	59
101	[2637]	590	59
102	[3419]	589	59
103	[2590]	589	59
104	[694]	588	59
105	[20]	588	59
106	[5406]	588	59
107	[2481]	588	59
108	[4451]	587	59
109	[3683]	586	59
110	[2054]	586	59
111	[1501]	585	59
112	[4103]	584	58
113	[4242]	583	58
114	[329]	581	58
115	[1676]	581	58
116	[5114]	580	58
117	[33]	580	58
118	[3309]	580	58
119	[5460]	579	58
120	[5813]	579	58
121	[3937]	579	58
122	[3618]	579	58
123	[2147]	578	58
124	[3245]	577	57
125	[858]	577	57
126	[3990]	576	57
127	[461]	576	57
128	[4391]	576	57
129	[175]	575	57
130	[85]	575	57
131	[2522]	575	57
132	[179]	575	57
133	[1477]	573	57
134	[834]	572	57
135	[4488]	571	57
136	[3478]	570	56
137	[217]	570	56
138	[319]	570	56
139	[3310]	569	56
140	[4469]	569	56
141	[1481]	569	56
142	[1099]	569	56
143	[2081]	569	56
144	[2175]	568	56
145	[2502]	568	56
146	[4264]	567	56
147	[126]	567	56
148	[1987]	567	56
149	[2771]	566	56
150	[3234]	565	56
151	[233]	565	56
152	[1124]	565	56
153	[3970]	565	56
154	[1712]	565	56
155	[177]	564	56
156	[1418]	563	55
157	[228]	562	55
158	[2439]	562	55
159	[3481]	562	55
160	[1684]	562	55
161	[4613]	562	55
162	[5914]	562	55
163	[5907]	561	55
164	[1261]	561	55
165	[45]	561	55
166	[3098]	560	55
167	[1768]	559	55
168	[1306]	558	55
169	[1746]	558	55
170	[5618]	557	55
171	[5832]	557	55
172	[346]	556	54
173	[2648]	556	54
174	[303]	556	54
175	[4085]	556	54
176	[2846]	556	54
177	[3504]	555	54
178	[2883]	555	54
179	[364]	555	54
180	[1511]	555	54
181	[1756]	555	54
182	[78]	554	54
183	[365]	554	54
184	[4241]	554	54
185	[5448]	553	54
186	[379]	553	54
187	[494]	553	54
188	[231]	552	54
189	[2468]	552	54
190	[573]	552	54
191	[904]	552	54
192	[1640]	551	54
193	[869]	551	54
194	[1559]	551	54
195	[2067]	550	54
196	[1058]	550	54
197	[3339]	550	54
198	[4330]	550	54
199	[2881]	550	54
200	[4028]	549	53
201	[1023]	549	53
202	[1764]	549	53
203	[870]	549	53
204	[4525]	548	53
205	[2486]	548	53
206	[4550]	547	53
207	[5254]	546	53
208	[4920]	546	53
209	[1540]	546	53
210	[525]	546	53
211	[5801]	546	53
212	[3166]	544	53
213	[191]	544	53
214	[2013]	543	53
215	[4063]	543	53
216	[5016]	543	53
217	[4256]	543	53
218	[5167]	542	52
219	[3039]	542	52
220	[5401]	541	52
221	[1318]	541	52
222	[4334]	540	52
223	[1619]	540	52
224	[1250]	539	52
225	[1983]	539	52
226	[1137]	539	52
227	[2064]	538	52
228	[193]	538	52
229	[5677]	537	52
230	[1710]	537	52
231	[2783]	537	52
232	[3352]	537	52
233	[999]	536	52
234	[180]	536	52
235	[5472]	536	52
236	[135]	535	51
237	[503]	535	51
238	[4911]	534	51
239	[4146]	534	51
240	[1089]	533	51
241	[3688]	533	51
242	[207]	533	51
243	[4276]	532	51
244	[1310]	532	51
245	[5326]	532	51
246	[3536]	532	51
247	[5039]	532	51
248	[3539]	532	51
249	[597]	531	51
250	[3360]	531	51
251	[2990]	531	51
252	[1796]	531	51
253	[1923]	530	51
254	[5166]	530	51
255	[1262]	529	51
256	[5851]	529	51
257	[3604]	529	51
258	[5933]	529	51
259	[1257]	528	50
260	[2474]	527	50
261	[1648]	527	50
262	[5830]	527	50
263	[3600]	527	50
264	[2341]	526	50
265	[5124]	526	50
266	[3637]	526	50
267	[6220]	525	50
268	[5279]	525	50
269	[6035]	525	50
270	[3546]	524	50
271	[4905]	524	50
272	[1065]	523	50
273	[5817]	522	50
274	[1625]	522	50
275	[141]	522	50
276	[103]	522	50
277	[1986]	522	50
278	[6166]	521	50
279	[111]	521	50
280	[3284]	521	50
281	[4499]	520	49
282	[4216]	519	49
283	[5816]	519	49
284	[4131]	519	49
285	[5842]	519	49
286	[2638]	518	49
287	[2980]	518	49
288	[3147]	518	49
289	[1836]	518	49
290	[5624]	518	49
291	[263]	517	49
292	[1675]	517	49
293	[3128]	517	49
294	[5900]	516	49
295	[2586]	516	49
296	[74]	516	49
297	[2974]	515	49
298	[5505]	515	49
299	[4468]	515	49
300	[4362]	515	49
301	[4180]	514	49
302	[3534]	514	49
303	[120]	514	49
304	[3925]	514	49
305	[341]	513	48
306	[57]	513	48
307	[2978]	513	48
308	[6219]	512	48
309	[1086]	512	48
310	[1902]	512	48
311	[1296]	511	48
312	[6086]	511	48
313	[746]	511	48
314	[2212]	511	48
315	[4135]	511	48
316	[401]	511	48
317	[6153]	510	48
318	[321]	510	48
319	[5686]	510	48
320	[5878]	509	48
321	[3932]	509	48
322	[2194]	509	48
323	[4405]	509	48
324	[2445]	507	48
325	[5926]	507	48
326	[4547]	506	47
327	[2526]	506	47
328	[1665]	505	47
329	[5913]	505	47
330	[5712]	505	47
331	[2642]	504	47
332	[3847]	504	47
333	[6193]	504	47
334	[5980]	504	47
335	[4377]	503	47
336	[4534]	503	47
337	[5996]	503	47
338	[3324]	503	47
339	[5098]	503	47
340	[3770]	502	47
341	[5811]	502	47
342	[1339]	502	47
343	[1258]	502	47
344	[5854]	502	47
345	[5030]	501	47
346	[5726]	501	47
347	[1860]	501	47
348	[4519]	501	47
349	[3574]	500	47
350	[2619]	500	47
351	[4087]	500	47
352	[5804]	500	47
353	[2337]	500	47
354	[176]	500	47
355	[5910]	500	47
356	[498]	500	47
357	[5199]	499	46
358	[812]	499	46
359	[4253]	498	46
360	[384]	498	46
361	[5855]	498	46
362	[4590]	498	46
363	[4010]	498	46
364	[2415]	498	46
365	[3824]	498	46
366	[5837]	497	46
367	[1159]	497	46
368	[1510]	496	46
369	[4026]	496	46
370	[4009]	496	46
371	[3211]	496	46
372	[295]	496	46
373	[3005]	495	46
374	[3490]	495	46
375	[3930]	495	46
376	[2634]	495	46
377	[1662]	495	46
378	[107]	495	46
379	[1671]	495	46
380	[6012]	495	46
381	[1730]	495	46
382	[4646]	494	46
383	[3506]	494	46
384	[1153]	494	46
385	[1325]	493	46
386	[1126]	493	46
387	[4384]	493	46
388	[4188]	493	46
389	[4945]	492	45
390	[4536]	492	45
391	[3260]	492	45
392	[1991]	492	45
393	[836]	490	45
394	[4159]	490	45
395	[5012]	490	45
396	[6098]	489	45
397	[1701]	489	45
398	[3602]	489	45
399	[686]	489	45
400	[1732]	488	45
401	[181]	488	45
402	[6171]	488	45
403	[4930]	488	45
404	[2338]	488	45
405	[4183]	487	45
406	[4290]	487	45
407	[287]	487	45
408	[670]	487	45
409	[423]	486	45
410	[2655]	486	45
411	[5431]	486	45
412	[2987]	486	45
413	[1775]	485	44
414	[6221]	485	44
415	[3880]	484	44
416	[5885]	484	44
417	[188]	484	44
418	[68]	483	44
419	[6134]	483	44
420	[3158]	483	44
421	[272]	483	44
422	[5053]	481	44
423	[4329]	481	44
424	[339]	481	44
425	[3853]	480	44
426	[5439]	480	44
427	[3374]	480	44
428	[5679]	479	44
429	[4508]	478	43
430	[2935]	478	43
431	[3533]	478	43
432	[5818]	478	43
433	[4910]	477	43
434	[1208]	477	43
435	[236]	476	43
436	[123]	476	43
437	[3015]	476	43
438	[6070]	476	43
439	[4122]	475	43
440	[5518]	475	43
441	[932]	474	43
442	[1389]	474	43
443	[4060]	473	43
444	[3042]	473	43
445	[4625]	473	43
446	[5924]	473	43
447	[2383]	473	43
448	[1533]	472	43
449	[5006]	472	43
450	[5803]	472	43
451	[839]	472	43
452	[1073]	472	43
453	[8]	472	43
454	[4740]	471	42
455	[6144]	471	42
456	[5034]	471	42
457	[1218]	471	42
458	[88]	471	42
459	[1723]	471	42
460	[2168]	470	42
461	[1123]	470	42
462	[5572]	469	42
463	[4450]	469	42
464	[4607]	468	42
465	[540]	468	42
466	[5050]	468	42
467	[1939]	468	42
468	[3230]	468	42
469	[5048]	468	42
470	[5834]	467	42
471	[3656]	467	42
472	[5232]	467	42
473	[2363]	466	42
474	[1529]	464	41
475	[5839]	464	41
476	[296]	464	41
477	[4931]	464	41
478	[4403]	463	41
479	[6072]	463	41
480	[623]	463	41
481	[5915]	462	41
482	[5805]	462	41
483	[3132]	462	41
484	[4125]	461	41
485	[1629]	461	41
486	[3414]	461	41
487	[2405]	461	41
488	[279]	461	41
489	[4744]	460	41
490	[6175]	460	41
491	[60]	460	41
492	[5274]	460	41
493	[1209]	459	41
494	[6055]	459	41
495	[5987]	459	41
496	[3019]	459	41
497	[5454]	458	41
498	[538]	458	41
499	[5417]	458	41
500	[5822]	456	40
501	[1197]	456	40
502	[604]	454	40
503	[1700]	454	40
504	[66]	453	40
505	[5024]	453	40
506	[6082]	452	40
507	[5084]	452	40
508	[5930]	452	40
509	[5920]	451	40
510	[4761]	451	40
511	[6032]	450	39
512	[781]	450	39
513	[3926]	450	39
514	[5976]	450	39
515	[5827]	450	39
516	[6075]	447	39
517	[2202]	447	39
518	[3303]	446	39
519	[5057]	446	39
520	[6016]	446	39
521	[3018]	445	39
522	[771]	445	39
523	[2220]	445	39
524	[955]	445	39
525	[3102]	445	39
526	[2733]	444	39
527	[5876]	443	38
528	[4335]	443	38
529	[5243]	443	38
530	[4401]	442	38
531	[3389]	441	38
532	[2907]	441	38
533	[1405]	440	38
534	[4013]	438	38
535	[1311]	436	37
536	[3527]	436	37
537	[422]	436	37
538	[2283]	435	37
539	[6034]	434	37
540	[5940]	434	37
541	[980]	434	37
542	[1973]	433	37
543	[5897]	432	37
544	[2848]	432	37
545	[5690]	432	37
546	[3135]	432	37
547	[190]	431	37
548	[433]	428	36
549	[2370]	427	36
550	[3965]	427	36
551	[3646]	426	36
552	[2080]	425	36
553	[1729]	424	36
554	[3562]	423	36
555	[3630]	422	35
556	[5846]	421	35
557	[3961]	421	35
558	[5410]	420	35
559	[5892]	419	35
560	[5809]	419	35
561	[5912]	417	35
562	[1156]	417	35
563	[5858]	414	34
564	[5879]	413	34
565	[4121]	413	34
566	[4592]	411	34
567	[11]	410	34
568	[5899]	408	33
569	[3021]	408	33
570	[1622]	408	33
571	[1868]	407	33
572	[3655]	405	33
573	[4828]	405	33
574	[5422]	403	33
575	[5333]	401	32
576	[3786]	393	31
577	[4061]	392	31
578	[5332]	385	30
579	[1369]	377	29
580	[51]	372	28
581	[4455]	358	26
582	[2102]	354	26
583	[5404]	258	12
584	[2438]	258	12
585	[1143]	258	12
586	[3735]	246	10
587	[6025]	246	10
588	[2761]	243	10
589	[3397]	234	9
590	[1769]	234	9
591	[3049]	228	8
592	[5450]	222	7
593	[5847]	216	6
594	[3288]	216	6
595	[537]	210	5
596	[3560]	210	5
597	[5870]	207	5
598	[5872]	207	5
599	[4301]	174	0
last update: Sat Apr 30 2016 00:28:16 GMT+0800 (HKT)