last update: Sat Apr 30 2016 23:00:33 GMT+0800 (HKT)

order	team	score	std
0	[973]	940	100
1	[1519]	836	86
2	[195]	812	83
3	[254]	807	83
4	[2451]	790	80
5	[1718]	786	80
6	[230]	767	77
7	[2590]	762	77
8	[1241]	760	77
9	[1918]	756	76
10	[133]	749	75
11	[3620]	743	74
12	[217]	737	73
13	[708]	732	73
14	[2823]	730	73
15	[225]	727	72
16	[2056]	726	72
17	[27]	723	72
18	[179]	715	71
19	[166]	715	71
20	[1690]	715	71
21	[365]	714	70
22	[5172]	714	70
23	[1678]	712	70
24	[148]	712	70
25	[694]	712	70
26	[4678]	708	70
27	[610]	704	69
28	[971]	699	69
29	[330]	698	68
30	[118]	695	68
31	[3683]	694	68
32	[4564]	694	68
33	[3538]	692	68
34	[1425]	691	67
35	[1024]	686	67
36	[2122]	685	67
37	[2481]	684	67
38	[294]	684	67
39	[3476]	683	66
40	[1806]	678	66
41	[5460]	678	66
42	[341]	677	66
43	[16]	673	65
44	[1501]	671	65
45	[3641]	665	64
46	[1305]	663	64
47	[558]	661	64
48	[3618]	661	64
49	[2052]	659	63
50	[876]	654	63
51	[25]	653	63
52	[67]	651	62
53	[868]	650	62
54	[4334]	649	62
55	[2013]	647	62
56	[639]	646	62
57	[1731]	644	61
58	[33]	644	61
59	[4561]	643	61
60	[2557]	641	61
61	[5406]	638	61
62	[1089]	637	60
63	[2767]	636	60
64	[494]	635	60
65	[4103]	635	60
66	[175]	634	60
67	[360]	634	60
68	[4587]	632	60
69	[987]	631	60
70	[842]	631	60
71	[3357]	630	60
72	[3937]	629	59
73	[85]	629	59
74	[1114]	628	59
75	[3238]	628	59
76	[3005]	628	59
77	[525]	626	59
78	[1619]	626	59
79	[910]	626	59
80	[2834]	623	59
81	[2614]	623	59
82	[5546]	623	59
83	[5895]	622	58
84	[4488]	622	58
85	[125]	621	58
86	[1736]	621	58
87	[1418]	620	58
88	[5150]	620	58
89	[1261]	619	58
90	[4451]	619	58
91	[3314]	618	58
92	[319]	617	58
93	[41]	616	58
94	[1538]	615	58
95	[5803]	615	58
96	[1885]	614	57
97	[1323]	614	57
98	[3284]	614	57
99	[2522]	613	57
100	[1023]	613	57
101	[4003]	613	57
102	[5813]	613	57
103	[1257]	612	57
104	[176]	612	57
105	[2648]	610	57
106	[3663]	609	57
107	[2137]	609	57
108	[359]	609	57
109	[4613]	608	57
110	[20]	608	57
111	[2637]	608	57
112	[2471]	606	56
113	[48]	606	56
114	[4028]	605	56
115	[3130]	605	56
116	[3044]	604	56
117	[3015]	604	56
118	[70]	602	56
119	[2064]	602	56
120	[346]	601	56
121	[4967]	601	56
122	[1986]	600	56
123	[2485]	600	56
124	[4391]	599	55
125	[3478]	599	55
126	[5448]	599	55
127	[4001]	598	55
128	[122]	598	55
129	[1747]	598	55
130	[5499]	597	55
131	[3990]	596	55
132	[229]	596	55
133	[3309]	595	55
134	[503]	595	55
135	[3539]	594	55
136	[1058]	594	55
137	[2035]	593	55
138	[1768]	591	54
139	[364]	591	54
140	[303]	590	54
141	[2054]	589	54
142	[1640]	589	54
143	[5114]	589	54
144	[686]	588	54
145	[3360]	587	54
146	[333]	587	54
147	[573]	586	54
148	[177]	586	54
149	[548]	586	54
150	[172]	584	54
151	[869]	582	53
152	[1137]	582	53
153	[5663]	581	53
154	[231]	580	53
155	[4039]	580	53
156	[3546]	580	53
157	[2046]	579	53
158	[2438]	578	53
159	[2067]	578	53
160	[2502]	577	53
161	[126]	577	53
162	[1099]	576	52
163	[1684]	576	52
164	[2771]	575	52
165	[329]	575	52
166	[5437]	575	52
167	[78]	574	52
168	[228]	573	52
169	[4256]	573	52
170	[2194]	573	52
171	[1540]	572	52
172	[1011]	571	52
173	[4253]	570	52
174	[1262]	570	52
175	[2439]	570	52
176	[1712]	567	51
177	[3352]	567	51
178	[3419]	566	51
179	[1143]	566	51
180	[3574]	566	51
181	[1983]	566	51
182	[4276]	565	51
183	[461]	564	51
184	[1987]	564	51
185	[2783]	564	51
186	[120]	564	51
187	[1477]	564	51
188	[245]	563	51
189	[3534]	562	51
190	[858]	562	51
191	[379]	561	51
192	[2655]	561	51
193	[5326]	560	50
194	[2393]	560	50
195	[3970]	558	50
196	[207]	558	50
197	[4469]	557	50
198	[1676]	557	50
199	[2474]	557	50
200	[2147]	557	50
201	[1124]	556	50
202	[5166]	556	50
203	[5050]	556	50
204	[4362]	556	50
205	[74]	556	50
206	[1710]	555	50
207	[4242]	555	50
208	[3536]	555	50
209	[4085]	555	50
210	[45]	555	50
211	[3847]	554	50
212	[2403]	553	49
213	[3245]	553	49
214	[3824]	552	49
215	[321]	552	49
216	[1481]	551	49
217	[5618]	551	49
218	[2881]	550	49
219	[4122]	549	49
220	[3339]	548	49
221	[5907]	548	49
222	[4264]	548	49
223	[2996]	548	49
224	[1310]	547	49
225	[2586]	547	49
226	[6153]	546	49
227	[263]	546	49
228	[57]	546	49
229	[2486]	546	49
230	[834]	545	48
231	[3310]	545	48
232	[3098]	545	48
233	[3504]	545	48
234	[5878]	545	48
235	[904]	545	48
236	[4009]	545	48
237	[1391]	544	48
238	[180]	544	48
239	[870]	543	48
240	[2175]	543	48
241	[295]	543	48
242	[272]	543	48
243	[1250]	543	48
244	[1197]	542	48
245	[1675]	542	48
246	[1086]	541	48
247	[1746]	541	48
248	[3481]	541	48
249	[4468]	541	48
250	[3932]	540	48
251	[1756]	540	48
252	[1306]	539	48
253	[2338]	539	48
254	[5801]	539	48
255	[1318]	538	48
256	[384]	538	48
257	[4063]	538	48
258	[3166]	538	48
259	[4384]	537	47
260	[4329]	537	47
261	[4550]	537	47
262	[2883]	537	47
263	[5167]	536	47
264	[5472]	536	47
265	[6098]	536	47
266	[3042]	536	47
267	[5048]	536	47
268	[6167]	535	47
269	[2974]	535	47
270	[191]	535	47
271	[4241]	535	47
272	[999]	535	47
273	[2990]	535	47
274	[3452]	534	47
275	[5914]	532	47
276	[5254]	532	47
277	[1796]	531	47
278	[2619]	531	47
279	[5933]	531	47
280	[4131]	531	47
281	[6166]	530	46
282	[111]	530	46
283	[1153]	530	46
284	[3604]	529	46
285	[4499]	529	46
286	[4920]	527	46
287	[2987]	527	46
288	[1730]	527	46
289	[4060]	527	46
290	[1533]	527	46
291	[5832]	527	46
292	[123]	527	46
293	[3234]	526	46
294	[401]	526	46
295	[4905]	526	46
296	[2081]	526	46
297	[6086]	525	46
298	[5016]	525	46
299	[2468]	525	46
300	[2445]	525	46
301	[135]	524	46
302	[6025]	524	46
303	[2337]	524	46
304	[2846]	523	46
305	[1065]	523	46
306	[5199]	523	46
307	[4911]	521	45
308	[1836]	521	45
309	[193]	520	45
310	[5913]	520	45
311	[5518]	520	45
312	[5818]	519	45
313	[5279]	519	45
314	[60]	518	45
315	[4525]	518	45
316	[3147]	518	45
317	[4180]	518	45
318	[4290]	517	45
319	[2363]	516	45
320	[5124]	516	45
321	[1258]	516	45
322	[3770]	516	45
323	[181]	516	45
324	[4183]	515	45
325	[3688]	515	45
326	[5980]	515	45
327	[5842]	515	45
328	[1559]	515	45
329	[3602]	515	45
330	[233]	514	44
331	[5851]	514	44
332	[4377]	514	44
333	[6221]	514	44
334	[3128]	514	44
335	[5030]	513	44
336	[4330]	513	44
337	[423]	512	44
338	[107]	512	44
339	[2733]	512	44
340	[4216]	512	44
341	[6035]	512	44
342	[1296]	511	44
343	[5039]	511	44
344	[1625]	511	44
345	[5098]	510	44
346	[6144]	509	44
347	[1529]	508	44
348	[5830]	507	43
349	[1511]	507	43
350	[4146]	507	43
351	[1775]	507	43
352	[5712]	507	43
353	[5404]	506	43
354	[5624]	506	43
355	[1769]	505	43
356	[6171]	505	43
357	[68]	505	43
358	[4010]	504	43
359	[3637]	503	43
360	[1701]	503	43
361	[5872]	503	43
362	[1126]	502	43
363	[5891]	501	43
364	[1648]	500	43
365	[2980]	500	43
366	[2634]	500	43
367	[5505]	500	43
368	[2168]	500	43
369	[5450]	500	43
370	[3039]	500	43
371	[5439]	499	42
372	[4930]	499	42
373	[5920]	499	42
374	[2642]	499	42
375	[2638]	498	42
376	[1764]	498	42
377	[4534]	498	42
378	[3506]	498	42
379	[3260]	498	42
380	[1339]	497	42
381	[5837]	497	42
382	[1723]	497	42
383	[6175]	497	42
384	[4646]	497	42
385	[5910]	496	42
386	[836]	496	42
387	[5431]	496	42
388	[5006]	496	42
389	[4405]	496	42
390	[4519]	495	42
391	[2415]	495	42
392	[5677]	495	42
393	[141]	494	42
394	[4403]	494	42
395	[279]	494	42
396	[2848]	494	42
397	[5924]	493	42
398	[3397]	493	42
399	[3930]	493	42
400	[103]	493	42
401	[2341]	492	42
402	[1671]	492	42
403	[3853]	492	42
404	[5996]	492	42
405	[812]	492	42
406	[2978]	491	41
407	[5804]	491	41
408	[1510]	490	41
409	[4159]	490	41
410	[4536]	489	41
411	[5816]	489	41
412	[1662]	489	41
413	[5900]	489	41
414	[1325]	489	41
415	[5726]	489	41
416	[339]	488	41
417	[3656]	488	41
418	[3880]	488	41
419	[5053]	487	41
420	[5811]	487	41
421	[4188]	487	41
422	[5885]	487	41
423	[4450]	487	41
424	[3490]	487	41
425	[6193]	487	41
426	[3211]	487	41
427	[6219]	486	41
428	[5401]	486	41
429	[1389]	486	41
430	[188]	486	41
431	[5926]	486	41
432	[8]	486	41
433	[4945]	486	41
434	[498]	485	41
435	[4508]	483	40
436	[6134]	483	40
437	[4931]	483	40
438	[5686]	483	40
439	[6220]	483	40
440	[4087]	482	40
441	[2935]	482	40
442	[1311]	482	40
443	[771]	481	40
444	[670]	481	40
445	[3019]	481	40
446	[3230]	481	40
447	[5854]	480	40
448	[4547]	480	40
449	[597]	480	40
450	[1923]	479	40
451	[3414]	479	40
452	[5817]	479	40
453	[5839]	478	40
454	[746]	478	40
455	[5822]	478	40
456	[3324]	478	40
457	[1902]	477	40
458	[2526]	477	40
459	[3135]	477	40
460	[1208]	477	40
461	[1732]	476	39
462	[2202]	475	39
463	[5274]	475	39
464	[6012]	475	39
465	[4026]	475	39
466	[3018]	475	39
467	[422]	474	39
468	[3132]	474	39
469	[5976]	472	39
470	[5930]	472	39
471	[6032]	472	39
472	[540]	472	39
473	[236]	471	39
474	[4607]	471	39
475	[2761]	471	39
476	[4125]	471	39
477	[4625]	470	39
478	[287]	469	39
479	[190]	469	39
480	[1218]	468	38
481	[4740]	468	38
482	[4061]	468	38
483	[5805]	468	38
484	[5855]	468	38
485	[5232]	467	38
486	[623]	467	38
487	[5034]	466	38
488	[1991]	466	38
489	[4744]	466	38
490	[4590]	466	38
491	[3102]	465	38
492	[5846]	465	38
493	[5084]	464	38
494	[6075]	463	38
495	[5690]	462	38
496	[3925]	462	38
497	[5679]	461	37
498	[88]	461	37
499	[2405]	461	37
500	[3533]	460	37
501	[4135]	460	37
502	[6070]	460	37
503	[1860]	459	37
504	[5858]	459	37
505	[6055]	459	37
506	[3158]	459	37
507	[4761]	459	37
508	[955]	458	37
509	[5572]	458	37
510	[2383]	458	37
511	[5410]	456	37
512	[1159]	456	37
513	[1073]	454	37
514	[604]	454	37
515	[5870]	453	36
516	[5012]	453	36
517	[932]	453	36
518	[3374]	453	36
519	[1629]	452	36
520	[5834]	452	36
521	[4013]	452	36
522	[2212]	451	36
523	[5024]	451	36
524	[1665]	451	36
525	[839]	450	36
526	[3926]	450	36
527	[5417]	449	36
528	[5827]	448	36
529	[5332]	447	36
530	[5915]	447	36
531	[1939]	447	36
532	[6016]	446	36
533	[66]	446	36
534	[1123]	446	36
535	[5454]	446	36
536	[2220]	445	35
537	[2370]	445	35
538	[5422]	444	35
539	[3049]	444	35
540	[2907]	443	35
541	[1209]	443	35
542	[5057]	443	35
543	[538]	443	35
544	[2102]	442	35
545	[5847]	442	35
546	[537]	442	35
547	[1700]	442	35
548	[3303]	441	35
549	[3735]	441	35
550	[5987]	441	35
551	[3646]	440	35
552	[6082]	440	35
553	[1405]	440	35
554	[296]	439	35
555	[3630]	438	34
556	[3961]	437	34
557	[3600]	436	34
558	[4910]	436	34
559	[1156]	435	34
560	[5940]	434	34
561	[5333]	433	34
562	[2283]	433	34
563	[11]	432	34
564	[5876]	431	34
565	[5912]	431	34
566	[6072]	430	33
567	[3389]	429	33
568	[781]	429	33
569	[4828]	428	33
570	[5243]	428	33
571	[3021]	427	33
572	[1973]	427	33
573	[3655]	425	33
574	[3965]	425	33
575	[980]	424	33
576	[3527]	424	33
577	[3562]	423	33
578	[5897]	423	33
579	[4121]	420	32
580	[1868]	419	32
581	[5892]	419	32
582	[4401]	415	31
583	[433]	415	31
584	[5879]	413	31
585	[4335]	413	31
586	[1729]	413	31
587	[3786]	411	31
588	[1622]	408	31
589	[4592]	407	30
590	[5899]	405	30
591	[3288]	404	30
592	[51]	400	30
593	[5809]	398	29
594	[6034]	392	28
595	[2080]	371	26
596	[1369]	368	25
597	[4455]	358	24
598	[3560]	210	5
599	[4301]	174	0
last update: Sat Apr 30 2016 23:00:33 GMT+0800 (HKT)