last update: Sat Apr 30 2016 01:14:11 GMT+0800 (HKT)

order	team	score	std
0	[1519]	875	100
1	[1241]	865	99
2	[195]	810	91
3	[973]	810	91
4	[2451]	785	87
5	[67]	770	85
6	[254]	741	81
7	[27]	730	79
8	[133]	729	79
9	[118]	728	79
10	[230]	721	78
11	[3620]	716	77
12	[4001]	715	77
13	[2823]	705	76
14	[5172]	703	75
15	[971]	699	75
16	[987]	695	74
17	[166]	694	74
18	[16]	688	73
19	[148]	688	73
20	[225]	678	72
21	[1024]	676	72
22	[4003]	675	71
23	[2035]	665	70
24	[1806]	665	70
25	[2056]	662	70
26	[48]	650	68
27	[5546]	650	68
28	[610]	649	68
29	[360]	646	67
30	[708]	644	67
31	[3314]	643	67
32	[2614]	640	66
33	[1918]	638	66
34	[4564]	635	66
35	[333]	635	66
36	[876]	634	66
37	[1678]	634	66
38	[868]	634	66
39	[3641]	633	65
40	[2767]	629	65
41	[1690]	629	65
42	[1114]	628	65
43	[2052]	627	65
44	[122]	622	64
45	[3357]	620	64
46	[1731]	620	64
47	[1425]	620	64
48	[4678]	619	63
49	[2471]	618	63
50	[558]	618	63
51	[245]	617	63
52	[2393]	617	63
53	[1323]	617	63
54	[1736]	617	63
55	[294]	616	63
56	[330]	616	63
57	[2485]	614	63
58	[1885]	614	63
59	[3663]	613	63
60	[2996]	611	62
61	[5663]	610	62
62	[2054]	610	62
63	[3476]	609	62
64	[33]	608	62
65	[2637]	608	62
66	[1011]	607	62
67	[5895]	606	62
68	[842]	605	61
69	[3238]	605	61
70	[3130]	605	61
71	[41]	605	61
72	[4587]	604	61
73	[2137]	603	61
74	[359]	602	61
75	[2122]	601	61
76	[6167]	601	61
77	[1747]	601	61
78	[1305]	601	61
79	[910]	600	61
80	[4967]	600	61
81	[1538]	600	61
82	[70]	599	61
83	[5150]	599	61
84	[4561]	599	61
85	[125]	599	61
86	[548]	598	60
87	[2403]	598	60
88	[5891]	597	60
89	[1718]	597	60
90	[4391]	597	60
91	[3044]	596	60
92	[229]	594	60
93	[172]	593	60
94	[3538]	593	60
95	[3452]	593	60
96	[5499]	593	60
97	[1501]	593	60
98	[639]	592	60
99	[2557]	591	59
100	[25]	591	59
101	[2046]	591	59
102	[2834]	591	59
103	[319]	590	59
104	[3419]	589	59
105	[2590]	589	59
106	[5406]	588	59
107	[694]	588	59
108	[2481]	588	59
109	[20]	588	59
110	[4451]	587	59
111	[177]	586	59
112	[3683]	586	59
113	[1306]	586	59
114	[4103]	584	58
115	[4242]	583	58
116	[329]	581	58
117	[1676]	581	58
118	[3309]	580	58
119	[5114]	580	58
120	[3937]	579	58
121	[5460]	579	58
122	[5813]	579	58
123	[3618]	579	58
124	[2147]	578	58
125	[1987]	577	57
126	[858]	577	57
127	[3990]	576	57
128	[461]	576	57
129	[179]	575	57
130	[2522]	575	57
131	[85]	575	57
132	[175]	575	57
133	[3245]	574	57
134	[494]	574	57
135	[1477]	573	57
136	[4488]	571	57
137	[217]	570	56
138	[3478]	570	56
139	[4264]	569	56
140	[1099]	569	56
141	[2081]	569	56
142	[3310]	569	56
143	[4469]	569	56
144	[1481]	569	56
145	[2175]	568	56
146	[2502]	568	56
147	[1625]	568	56
148	[126]	567	56
149	[2771]	566	56
150	[3970]	565	56
151	[1124]	565	56
152	[3234]	565	56
153	[1712]	565	56
154	[2783]	564	56
155	[1418]	563	55
156	[228]	562	55
157	[5914]	562	55
158	[1684]	562	55
159	[904]	562	55
160	[4911]	562	55
161	[4613]	562	55
162	[2439]	562	55
163	[3481]	562	55
164	[2445]	561	55
165	[1261]	561	55
166	[5907]	561	55
167	[45]	561	55
168	[1768]	559	55
169	[1746]	558	55
170	[3098]	557	55
171	[5832]	557	55
172	[5618]	557	55
173	[4085]	556	54
174	[2486]	556	54
175	[2846]	556	54
176	[2648]	556	54
177	[1391]	556	54
178	[346]	556	54
179	[303]	556	54
180	[364]	555	54
181	[2883]	555	54
182	[3504]	555	54
183	[1511]	555	54
184	[365]	554	54
185	[4241]	554	54
186	[78]	554	54
187	[4039]	553	54
188	[5448]	553	54
189	[379]	553	54
190	[231]	552	54
191	[573]	552	54
192	[869]	551	54
193	[1559]	551	54
194	[1640]	551	54
195	[2881]	550	54
196	[3339]	550	54
197	[1058]	550	54
198	[4330]	550	54
199	[2067]	550	54
200	[1764]	549	53
201	[1023]	549	53
202	[272]	549	53
203	[4550]	547	53
204	[5254]	546	53
205	[5801]	546	53
206	[4920]	546	53
207	[1540]	546	53
208	[525]	546	53
209	[834]	545	53
210	[4525]	545	53
211	[191]	544	53
212	[3166]	544	53
213	[4063]	543	53
214	[4256]	543	53
215	[2013]	543	53
216	[5016]	543	53
217	[2468]	543	53
218	[5167]	542	52
219	[3039]	542	52
220	[1318]	541	52
221	[1619]	540	52
222	[4334]	540	52
223	[1137]	539	52
224	[1983]	539	52
225	[193]	538	52
226	[2064]	538	52
227	[3352]	537	52
228	[1710]	537	52
229	[5677]	537	52
230	[999]	536	52
231	[5472]	536	52
232	[180]	536	52
233	[135]	535	51
234	[503]	535	51
235	[4146]	534	51
236	[5437]	533	51
237	[1089]	533	51
238	[5326]	532	51
239	[3536]	532	51
240	[4276]	532	51
241	[3539]	532	51
242	[1310]	532	51
243	[5039]	532	51
244	[3360]	531	51
245	[2990]	531	51
246	[597]	531	51
247	[1796]	531	51
248	[3932]	531	51
249	[111]	530	51
250	[5166]	530	51
251	[1923]	530	51
252	[4028]	529	51
253	[3604]	529	51
254	[1262]	529	51
255	[5851]	529	51
256	[233]	529	51
257	[5933]	529	51
258	[1257]	528	50
259	[1986]	528	50
260	[3600]	527	50
261	[1250]	527	50
262	[2474]	527	50
263	[5830]	527	50
264	[1648]	527	50
265	[5124]	526	50
266	[2341]	526	50
267	[3637]	526	50
268	[6035]	525	50
269	[5279]	525	50
270	[6220]	525	50
271	[3546]	524	50
272	[74]	524	50
273	[1065]	523	50
274	[5030]	523	50
275	[5817]	522	50
276	[103]	522	50
277	[141]	522	50
278	[6166]	521	50
279	[3284]	521	50
280	[5842]	521	50
281	[4499]	520	49
282	[4384]	520	49
283	[5816]	519	49
284	[870]	519	49
285	[401]	519	49
286	[4216]	519	49
287	[1836]	518	49
288	[2638]	518	49
289	[3147]	518	49
290	[2980]	518	49
291	[5624]	518	49
292	[3128]	517	49
293	[1675]	517	49
294	[1671]	517	49
295	[263]	517	49
296	[2586]	516	49
297	[5900]	516	49
298	[2974]	515	49
299	[4468]	515	49
300	[4362]	515	49
301	[5878]	515	49
302	[5505]	515	49
303	[5913]	515	49
304	[4180]	514	49
305	[3534]	514	49
306	[3925]	514	49
307	[120]	514	49
308	[341]	513	48
309	[57]	513	48
310	[2978]	513	48
311	[1086]	512	48
312	[207]	512	48
313	[6171]	512	48
314	[6219]	512	48
315	[1902]	512	48
316	[1296]	511	48
317	[4135]	511	48
318	[6086]	511	48
319	[2212]	511	48
320	[746]	511	48
321	[321]	510	48
322	[1756]	510	48
323	[5686]	510	48
324	[6153]	510	48
325	[2194]	509	48
326	[4405]	509	48
327	[4131]	509	48
328	[3211]	508	48
329	[5401]	508	48
330	[5926]	507	48
331	[5726]	507	48
332	[4547]	506	47
333	[4253]	506	47
334	[1153]	506	47
335	[2526]	506	47
336	[1665]	505	47
337	[5712]	505	47
338	[5980]	504	47
339	[2642]	504	47
340	[6193]	504	47
341	[3847]	504	47
342	[1339]	504	47
343	[5996]	503	47
344	[3324]	503	47
345	[5098]	503	47
346	[4377]	503	47
347	[1258]	502	47
348	[5811]	502	47
349	[3770]	502	47
350	[4930]	502	47
351	[4519]	501	47
352	[2337]	500	47
353	[498]	500	47
354	[4534]	500	47
355	[2619]	500	47
356	[3574]	500	47
357	[176]	500	47
358	[5910]	500	47
359	[4087]	500	47
360	[812]	499	46
361	[6221]	499	46
362	[5199]	499	46
363	[5855]	498	46
364	[384]	498	46
365	[3824]	498	46
366	[5439]	498	46
367	[4010]	498	46
368	[5837]	497	46
369	[1159]	497	46
370	[3688]	497	46
371	[423]	496	46
372	[295]	496	46
373	[5854]	496	46
374	[4026]	496	46
375	[1510]	496	46
376	[1126]	496	46
377	[1730]	495	46
378	[3005]	495	46
379	[3930]	495	46
380	[3490]	495	46
381	[1662]	495	46
382	[6012]	495	46
383	[4590]	494	46
384	[3506]	494	46
385	[4646]	494	46
386	[1325]	493	46
387	[4188]	493	46
388	[1991]	492	45
389	[4945]	492	45
390	[107]	492	45
391	[3260]	492	45
392	[2634]	492	45
393	[4536]	492	45
394	[836]	490	45
395	[4159]	490	45
396	[4905]	490	45
397	[5012]	490	45
398	[1701]	489	45
399	[686]	489	45
400	[3602]	489	45
401	[2415]	489	45
402	[181]	488	45
403	[2338]	488	45
404	[1732]	488	45
405	[4290]	487	45
406	[287]	487	45
407	[4183]	487	45
408	[670]	487	45
409	[2655]	486	45
410	[5431]	486	45
411	[2987]	486	45
412	[5804]	485	44
413	[2761]	485	44
414	[1775]	485	44
415	[2363]	484	44
416	[5885]	484	44
417	[188]	484	44
418	[3880]	484	44
419	[3158]	483	44
420	[6134]	483	44
421	[68]	483	44
422	[4009]	481	44
423	[6075]	481	44
424	[4329]	481	44
425	[339]	481	44
426	[5053]	481	44
427	[3374]	480	44
428	[6098]	480	44
429	[5679]	479	44
430	[1723]	479	44
431	[5572]	479	44
432	[2935]	478	43
433	[5818]	478	43
434	[4508]	478	43
435	[4910]	477	43
436	[1208]	477	43
437	[6070]	476	43
438	[3015]	476	43
439	[123]	476	43
440	[236]	476	43
441	[4122]	475	43
442	[3533]	475	43
443	[5518]	475	43
444	[932]	474	43
445	[1389]	474	43
446	[4060]	473	43
447	[5924]	473	43
448	[2383]	473	43
449	[4625]	473	43
450	[3042]	473	43
451	[1073]	472	43
452	[5803]	472	43
453	[839]	472	43
454	[1533]	472	43
455	[8]	472	43
456	[5006]	472	43
457	[6032]	471	42
458	[5034]	471	42
459	[6144]	471	42
460	[88]	471	42
461	[4740]	471	42
462	[1218]	471	42
463	[2168]	470	42
464	[1123]	470	42
465	[4450]	469	42
466	[4607]	468	42
467	[3132]	468	42
468	[540]	468	42
469	[5048]	468	42
470	[5050]	468	42
471	[1860]	468	42
472	[1939]	468	42
473	[3230]	468	42
474	[5232]	467	42
475	[3656]	467	42
476	[5834]	467	42
477	[296]	464	41
478	[1529]	464	41
479	[4931]	464	41
480	[5839]	464	41
481	[6175]	464	41
482	[5057]	464	41
483	[4403]	463	41
484	[623]	463	41
485	[6072]	463	41
486	[5915]	462	41
487	[5805]	462	41
488	[4125]	461	41
489	[279]	461	41
490	[1629]	461	41
491	[3414]	461	41
492	[2405]	461	41
493	[4401]	460	41
494	[5274]	460	41
495	[4744]	460	41
496	[1209]	459	41
497	[6055]	459	41
498	[3019]	459	41
499	[5454]	458	41
500	[5417]	458	41
501	[538]	458	41
502	[5822]	456	40
503	[3853]	456	40
504	[1197]	456	40
505	[604]	454	40
506	[1700]	454	40
507	[5024]	453	40
508	[5930]	452	40
509	[6082]	452	40
510	[5084]	452	40
511	[4761]	451	40
512	[5920]	451	40
513	[3926]	450	39
514	[781]	450	39
515	[5827]	450	39
516	[5976]	450	39
517	[3303]	448	39
518	[5987]	447	39
519	[2202]	447	39
520	[6016]	446	39
521	[2220]	445	39
522	[66]	445	39
523	[3018]	445	39
524	[3102]	445	39
525	[771]	445	39
526	[955]	445	39
527	[2733]	444	39
528	[4335]	443	38
529	[5243]	443	38
530	[5876]	443	38
531	[3389]	441	38
532	[1405]	440	38
533	[4828]	438	38
534	[4013]	438	38
535	[3527]	436	37
536	[5410]	436	37
537	[60]	436	37
538	[422]	436	37
539	[1311]	436	37
540	[2283]	435	37
541	[5940]	434	37
542	[6034]	434	37
543	[980]	434	37
544	[1973]	433	37
545	[3135]	432	37
546	[2848]	432	37
547	[5897]	432	37
548	[5690]	432	37
549	[190]	431	37
550	[433]	428	36
551	[3965]	427	36
552	[2370]	427	36
553	[3646]	426	36
554	[2080]	425	36
555	[1729]	424	36
556	[3562]	423	36
557	[3630]	422	35
558	[5846]	421	35
559	[3961]	421	35
560	[5892]	419	35
561	[5912]	417	35
562	[1156]	417	35
563	[5858]	414	34
564	[4121]	413	34
565	[5879]	413	34
566	[4592]	411	34
567	[2907]	411	34
568	[11]	410	34
569	[5899]	408	33
570	[1622]	408	33
571	[1868]	407	33
572	[5809]	407	33
573	[3655]	405	33
574	[5422]	403	33
575	[5333]	401	32
576	[3021]	399	32
577	[3786]	393	31
578	[4061]	392	31
579	[5332]	385	30
580	[1369]	377	29
581	[51]	372	28
582	[4455]	358	26
583	[2102]	354	26
584	[1143]	258	12
585	[5404]	258	12
586	[2438]	258	12
587	[3735]	246	10
588	[6025]	234	9
589	[3397]	234	9
590	[1769]	234	9
591	[3049]	228	8
592	[5450]	222	7
593	[5847]	216	6
594	[3288]	216	6
595	[3560]	210	5
596	[537]	210	5
597	[5870]	207	5
598	[5872]	207	5
599	[4301]	174	0
last update: Sat Apr 30 2016 01:14:11 GMT+0800 (HKT)