last update: Sat Apr 30 2016 00:18:02 GMT+0800 (HKT)

order	team	score	std
0	[1519]	875	100
1	[1241]	865	99
2	[973]	810	91
3	[195]	810	91
4	[2451]	785	87
5	[67]	770	85
6	[254]	741	81
7	[27]	730	79
8	[133]	729	79
9	[118]	728	79
10	[230]	721	78
11	[3620]	716	77
12	[4001]	715	77
13	[2823]	705	76
14	[5172]	703	75
15	[1024]	700	75
16	[971]	699	75
17	[987]	695	74
18	[166]	694	74
19	[148]	688	73
20	[16]	688	73
21	[225]	678	72
22	[4003]	675	71
23	[2035]	665	70
24	[1806]	665	70
25	[2056]	662	70
26	[5895]	660	69
27	[48]	650	68
28	[5546]	650	68
29	[610]	647	67
30	[360]	646	67
31	[708]	644	67
32	[3314]	643	67
33	[2614]	640	66
34	[1391]	640	66
35	[1918]	638	66
36	[333]	635	66
37	[4564]	635	66
38	[868]	634	66
39	[1678]	634	66
40	[876]	634	66
41	[3641]	633	65
42	[2767]	629	65
43	[1114]	628	65
44	[122]	622	64
45	[1425]	620	64
46	[3357]	620	64
47	[1731]	620	64
48	[4678]	619	63
49	[2471]	618	63
50	[1736]	617	63
51	[1323]	617	63
52	[2393]	617	63
53	[294]	616	63
54	[330]	616	63
55	[1885]	614	63
56	[2485]	614	63
57	[3663]	613	63
58	[2996]	611	62
59	[558]	610	62
60	[3476]	609	62
61	[910]	609	62
62	[1011]	607	62
63	[245]	605	61
64	[3130]	605	61
65	[5437]	605	61
66	[2052]	605	61
67	[41]	605	61
68	[842]	605	61
69	[4587]	604	61
70	[2137]	603	61
71	[5663]	602	61
72	[359]	602	61
73	[3238]	602	61
74	[1305]	601	61
75	[2122]	601	61
76	[6167]	601	61
77	[1538]	600	61
78	[4967]	600	61
79	[70]	599	61
80	[2637]	599	61
81	[125]	599	61
82	[5150]	599	61
83	[4561]	599	61
84	[548]	598	60
85	[2403]	598	60
86	[5891]	597	60
87	[3044]	596	60
88	[1690]	595	60
89	[229]	594	60
90	[3452]	593	60
91	[1718]	593	60
92	[5499]	593	60
93	[3538]	593	60
94	[172]	593	60
95	[639]	592	60
96	[4039]	592	60
97	[2557]	591	59
98	[2046]	591	59
99	[2834]	591	59
100	[1747]	591	59
101	[2590]	589	59
102	[3419]	589	59
103	[694]	588	59
104	[2481]	588	59
105	[5406]	588	59
106	[20]	588	59
107	[4451]	587	59
108	[2054]	586	59
109	[1501]	585	59
110	[4103]	584	58
111	[4242]	583	58
112	[1676]	581	58
113	[329]	581	58
114	[33]	580	58
115	[5114]	580	58
116	[3309]	580	58
117	[3937]	579	58
118	[5813]	579	58
119	[5460]	579	58
120	[25]	579	58
121	[3618]	579	58
122	[3683]	578	58
123	[2147]	578	58
124	[858]	577	57
125	[3245]	577	57
126	[461]	576	57
127	[3990]	576	57
128	[4391]	576	57
129	[2522]	575	57
130	[175]	575	57
131	[179]	575	57
132	[1477]	573	57
133	[834]	572	57
134	[4488]	571	57
135	[217]	570	56
136	[3478]	570	56
137	[319]	570	56
138	[3310]	569	56
139	[1481]	569	56
140	[4469]	569	56
141	[2081]	569	56
142	[1099]	569	56
143	[2175]	568	56
144	[1987]	567	56
145	[4264]	567	56
146	[126]	567	56
147	[2771]	566	56
148	[1124]	565	56
149	[233]	565	56
150	[3970]	565	56
151	[3234]	565	56
152	[1712]	565	56
153	[177]	564	56
154	[1418]	563	55
155	[5914]	562	55
156	[3481]	562	55
157	[228]	562	55
158	[2439]	562	55
159	[4613]	562	55
160	[1684]	562	55
161	[1261]	561	55
162	[5907]	561	55
163	[45]	561	55
164	[3098]	560	55
165	[1768]	559	55
166	[1306]	558	55
167	[1746]	558	55
168	[5618]	557	55
169	[5832]	557	55
170	[85]	557	55
171	[4085]	556	54
172	[2648]	556	54
173	[346]	556	54
174	[303]	556	54
175	[2846]	556	54
176	[1756]	555	54
177	[364]	555	54
178	[3504]	555	54
179	[2883]	555	54
180	[1511]	555	54
181	[4241]	554	54
182	[78]	554	54
183	[365]	554	54
184	[5448]	553	54
185	[494]	553	54
186	[379]	553	54
187	[4330]	553	54
188	[231]	552	54
189	[904]	552	54
190	[573]	552	54
191	[2468]	552	54
192	[1559]	551	54
193	[1640]	551	54
194	[869]	551	54
195	[1058]	550	54
196	[3339]	550	54
197	[2067]	550	54
198	[2881]	550	54
199	[1023]	549	53
200	[1764]	549	53
201	[870]	549	53
202	[4028]	549	53
203	[2486]	548	53
204	[4525]	548	53
205	[4550]	547	53
206	[525]	546	53
207	[4920]	546	53
208	[5254]	546	53
209	[1540]	546	53
210	[5801]	546	53
211	[191]	544	53
212	[3166]	544	53
213	[4063]	543	53
214	[5016]	543	53
215	[4256]	543	53
216	[2013]	543	53
217	[5167]	542	52
218	[5401]	541	52
219	[1318]	541	52
220	[4334]	540	52
221	[2502]	540	52
222	[1619]	540	52
223	[68]	540	52
224	[1137]	539	52
225	[1250]	539	52
226	[1983]	539	52
227	[193]	538	52
228	[2064]	538	52
229	[1710]	537	52
230	[2783]	537	52
231	[5677]	537	52
232	[3352]	537	52
233	[5472]	536	52
234	[135]	535	51
235	[503]	535	51
236	[4146]	534	51
237	[4911]	534	51
238	[1089]	533	51
239	[3688]	533	51
240	[207]	533	51
241	[3539]	532	51
242	[1310]	532	51
243	[5039]	532	51
244	[3536]	532	51
245	[4276]	532	51
246	[3039]	532	51
247	[3360]	531	51
248	[597]	531	51
249	[2990]	531	51
250	[1796]	531	51
251	[5166]	530	51
252	[3604]	529	51
253	[5933]	529	51
254	[5851]	529	51
255	[1257]	528	50
256	[5830]	527	50
257	[1648]	527	50
258	[2474]	527	50
259	[3600]	527	50
260	[3637]	526	50
261	[2341]	526	50
262	[5124]	526	50
263	[4159]	526	50
264	[1923]	526	50
265	[746]	526	50
266	[6035]	525	50
267	[5279]	525	50
268	[6220]	525	50
269	[4905]	524	50
270	[1065]	523	50
271	[103]	522	50
272	[1625]	522	50
273	[141]	522	50
274	[1986]	522	50
275	[5817]	522	50
276	[3546]	522	50
277	[6166]	521	50
278	[111]	521	50
279	[3284]	521	50
280	[4499]	520	49
281	[180]	520	49
282	[4131]	519	49
283	[5842]	519	49
284	[5816]	519	49
285	[4216]	519	49
286	[5624]	518	49
287	[2980]	518	49
288	[2638]	518	49
289	[2337]	518	49
290	[1836]	518	49
291	[3147]	518	49
292	[263]	517	49
293	[1675]	517	49
294	[74]	516	49
295	[5900]	516	49
296	[2586]	516	49
297	[1262]	515	49
298	[4468]	515	49
299	[5505]	515	49
300	[4362]	515	49
301	[3925]	514	49
302	[4180]	514	49
303	[3534]	514	49
304	[120]	514	49
305	[341]	513	48
306	[2978]	513	48
307	[57]	513	48
308	[1902]	512	48
309	[1086]	512	48
310	[401]	511	48
311	[4135]	511	48
312	[2212]	511	48
313	[1296]	511	48
314	[5326]	511	48
315	[6086]	511	48
316	[6153]	510	48
317	[5686]	510	48
318	[6219]	510	48
319	[321]	510	48
320	[4405]	509	48
321	[3932]	509	48
322	[2194]	509	48
323	[5878]	509	48
324	[5926]	507	48
325	[2445]	507	48
326	[3158]	507	48
327	[2526]	506	47
328	[4547]	506	47
329	[5712]	505	47
330	[3128]	505	47
331	[2974]	505	47
332	[5913]	505	47
333	[1665]	505	47
334	[6193]	504	47
335	[5980]	504	47
336	[2642]	504	47
337	[3847]	504	47
338	[5098]	503	47
339	[3324]	503	47
340	[5996]	503	47
341	[4377]	503	47
342	[4534]	503	47
343	[5811]	502	47
344	[1339]	502	47
345	[5854]	502	47
346	[1258]	502	47
347	[3770]	502	47
348	[5030]	501	47
349	[1860]	501	47
350	[4519]	501	47
351	[5726]	501	47
352	[176]	500	47
353	[2619]	500	47
354	[3574]	500	47
355	[5804]	500	47
356	[498]	500	47
357	[999]	500	47
358	[5910]	500	47
359	[4087]	500	47
360	[812]	499	46
361	[5199]	499	46
362	[4253]	498	46
363	[384]	498	46
364	[2415]	498	46
365	[4010]	498	46
366	[4590]	498	46
367	[3824]	498	46
368	[5837]	497	46
369	[1159]	497	46
370	[3211]	496	46
371	[1510]	496	46
372	[295]	496	46
373	[4026]	496	46
374	[4009]	496	46
375	[6012]	495	46
376	[540]	495	46
377	[3005]	495	46
378	[1662]	495	46
379	[3490]	495	46
380	[1730]	495	46
381	[107]	495	46
382	[1671]	495	46
383	[3930]	495	46
384	[2634]	495	46
385	[1153]	494	46
386	[3506]	494	46
387	[4646]	494	46
388	[4188]	493	46
389	[1325]	493	46
390	[4384]	493	46
391	[1126]	493	46
392	[4945]	492	45
393	[1991]	492	45
394	[3260]	492	45
395	[5012]	490	45
396	[836]	490	45
397	[6098]	489	45
398	[1701]	489	45
399	[686]	489	45
400	[3602]	489	45
401	[538]	488	45
402	[6171]	488	45
403	[2338]	488	45
404	[4930]	488	45
405	[181]	488	45
406	[1732]	488	45
407	[670]	487	45
408	[287]	487	45
409	[4183]	487	45
410	[4290]	487	45
411	[5431]	486	45
412	[2987]	486	45
413	[2655]	486	45
414	[423]	486	45
415	[6221]	485	44
416	[1775]	485	44
417	[3880]	484	44
418	[5885]	484	44
419	[188]	484	44
420	[272]	483	44
421	[6134]	483	44
422	[433]	482	44
423	[339]	481	44
424	[4329]	481	44
425	[5053]	481	44
426	[3853]	480	44
427	[1197]	480	44
428	[5439]	480	44
429	[3374]	480	44
430	[5679]	479	44
431	[3533]	478	43
432	[5855]	478	43
433	[2935]	478	43
434	[4508]	478	43
435	[5818]	478	43
436	[4910]	477	43
437	[236]	476	43
438	[3015]	476	43
439	[6070]	476	43
440	[123]	476	43
441	[4122]	475	43
442	[5518]	475	43
443	[5050]	474	43
444	[932]	474	43
445	[1389]	474	43
446	[2383]	473	43
447	[5924]	473	43
448	[4060]	473	43
449	[4625]	473	43
450	[3042]	473	43
451	[1533]	472	43
452	[5006]	472	43
453	[1073]	472	43
454	[839]	472	43
455	[8]	472	43
456	[5803]	472	43
457	[1208]	471	42
458	[4740]	471	42
459	[5034]	471	42
460	[88]	471	42
461	[6144]	471	42
462	[1218]	471	42
463	[1723]	471	42
464	[1123]	470	42
465	[2168]	470	42
466	[4450]	469	42
467	[5572]	469	42
468	[3230]	468	42
469	[5048]	468	42
470	[4607]	468	42
471	[1939]	468	42
472	[3656]	467	42
473	[5834]	467	42
474	[5232]	467	42
475	[2363]	466	42
476	[5839]	464	41
477	[296]	464	41
478	[1529]	464	41
479	[4931]	464	41
480	[6072]	463	41
481	[4403]	463	41
482	[623]	463	41
483	[5805]	462	41
484	[3132]	462	41
485	[5915]	462	41
486	[5827]	462	41
487	[4125]	461	41
488	[279]	461	41
489	[2405]	461	41
490	[3414]	461	41
491	[1629]	461	41
492	[60]	460	41
493	[5274]	460	41
494	[6175]	460	41
495	[4744]	460	41
496	[3019]	459	41
497	[6055]	459	41
498	[5987]	459	41
499	[1209]	459	41
500	[5454]	458	41
501	[4536]	458	41
502	[5417]	458	41
503	[5822]	456	40
504	[1700]	454	40
505	[604]	454	40
506	[66]	453	40
507	[5024]	453	40
508	[5084]	452	40
509	[5930]	452	40
510	[4761]	451	40
511	[5920]	451	40
512	[5976]	450	39
513	[3926]	450	39
514	[6032]	450	39
515	[781]	450	39
516	[6075]	447	39
517	[2202]	447	39
518	[3303]	446	39
519	[5057]	446	39
520	[6016]	446	39
521	[3018]	445	39
522	[771]	445	39
523	[955]	445	39
524	[3102]	445	39
525	[2220]	445	39
526	[2733]	444	39
527	[5876]	443	38
528	[4335]	443	38
529	[5243]	443	38
530	[4401]	442	38
531	[3389]	441	38
532	[2907]	441	38
533	[1405]	440	38
534	[4013]	438	38
535	[6082]	436	37
536	[3527]	436	37
537	[1311]	436	37
538	[422]	436	37
539	[2283]	435	37
540	[5940]	434	37
541	[6034]	434	37
542	[1973]	433	37
543	[3135]	432	37
544	[5897]	432	37
545	[5690]	432	37
546	[190]	431	37
547	[2370]	427	36
548	[3965]	427	36
549	[3646]	426	36
550	[2080]	425	36
551	[1729]	424	36
552	[3562]	423	36
553	[3630]	422	35
554	[5846]	421	35
555	[3961]	421	35
556	[5410]	420	35
557	[5809]	419	35
558	[5892]	419	35
559	[1156]	417	35
560	[5912]	417	35
561	[5858]	414	34
562	[4121]	413	34
563	[4592]	411	34
564	[11]	410	34
565	[980]	410	34
566	[5899]	408	33
567	[2848]	408	33
568	[3021]	408	33
569	[1622]	408	33
570	[1868]	407	33
571	[4828]	405	33
572	[3655]	405	33
573	[5422]	403	33
574	[5333]	401	32
575	[3786]	393	31
576	[4061]	392	31
577	[5332]	391	31
578	[1369]	377	29
579	[4455]	358	26
580	[2102]	354	26
581	[51]	346	25
582	[1143]	258	12
583	[5404]	258	12
584	[2438]	258	12
585	[3735]	246	10
586	[6025]	246	10
587	[2761]	243	10
588	[1769]	234	9
589	[3397]	234	9
590	[3049]	228	8
591	[5450]	222	7
592	[5847]	216	6
593	[3288]	216	6
594	[3560]	210	5
595	[537]	210	5
596	[5870]	207	5
597	[5879]	207	5
598	[5872]	207	5
599	[4301]	174	0
last update: Sat Apr 30 2016 00:18:03 GMT+0800 (HKT)