last update: Fri Apr 29 2016 23:42:17 GMT+0800 (HKT)

order	team	score	std
0	[1519]	875	100
1	[195]	810	91
2	[973]	810	91
3	[1241]	800	89
4	[3130]	785	87
5	[2834]	750	82
6	[254]	741	81
7	[133]	729	79
8	[3620]	716	77
9	[4001]	715	77
10	[118]	714	77
11	[230]	711	77
12	[2451]	705	76
13	[27]	704	76
14	[5172]	703	75
15	[1024]	700	75
16	[971]	699	75
17	[166]	694	74
18	[148]	688	73
19	[16]	688	73
20	[67]	685	73
21	[225]	678	72
22	[2823]	675	71
23	[4003]	675	71
24	[4564]	665	70
25	[2035]	665	70
26	[987]	665	70
27	[2056]	662	70
28	[5895]	660	69
29	[48]	650	68
30	[5546]	650	68
31	[610]	647	67
32	[3357]	647	67
33	[360]	646	67
34	[5907]	645	67
35	[708]	644	67
36	[3314]	643	67
37	[1391]	640	66
38	[2614]	640	66
39	[1806]	640	66
40	[1918]	638	66
41	[333]	635	66
42	[4060]	635	66
43	[868]	634	66
44	[876]	634	66
45	[1678]	634	66
46	[3641]	633	65
47	[2767]	629	65
48	[1114]	628	65
49	[1323]	623	64
50	[3538]	623	64
51	[122]	622	64
52	[1425]	620	64
53	[1731]	620	64
54	[4678]	619	63
55	[2471]	618	63
56	[1736]	617	63
57	[2393]	617	63
58	[330]	616	63
59	[294]	616	63
60	[2137]	615	63
61	[1885]	614	63
62	[3663]	613	63
63	[558]	610	62
64	[3476]	609	62
65	[910]	609	62
66	[1011]	607	62
67	[245]	605	61
68	[1640]	605	61
69	[5437]	605	61
70	[2052]	605	61
71	[41]	605	61
72	[2996]	605	61
73	[4587]	604	61
74	[359]	602	61
75	[5663]	602	61
76	[1305]	601	61
77	[6167]	601	61
78	[4967]	600	61
79	[1538]	600	61
80	[2637]	599	61
81	[5150]	599	61
82	[125]	599	61
83	[70]	599	61
84	[4561]	599	61
85	[548]	598	60
86	[5891]	597	60
87	[842]	597	60
88	[1690]	595	60
89	[5114]	595	60
90	[2485]	594	60
91	[5499]	593	60
92	[3452]	593	60
93	[3600]	593	60
94	[1718]	593	60
95	[172]	593	60
96	[3970]	592	60
97	[639]	592	60
98	[1747]	591	59
99	[2046]	591	59
100	[2557]	591	59
101	[3419]	589	59
102	[2590]	589	59
103	[5406]	588	59
104	[2481]	588	59
105	[694]	588	59
106	[2122]	587	59
107	[4451]	587	59
108	[20]	586	59
109	[1501]	585	59
110	[4103]	584	58
111	[2403]	584	58
112	[4242]	583	58
113	[2054]	582	58
114	[1676]	581	58
115	[329]	581	58
116	[3309]	580	58
117	[33]	580	58
118	[3618]	579	58
119	[1023]	579	58
120	[3937]	579	58
121	[5460]	579	58
122	[25]	579	58
123	[3683]	578	58
124	[229]	578	58
125	[2147]	578	58
126	[3245]	577	57
127	[858]	577	57
128	[2439]	577	57
129	[4391]	576	57
130	[3990]	576	57
131	[5813]	575	57
132	[175]	575	57
133	[179]	575	57
134	[2771]	575	57
135	[1481]	575	57
136	[2522]	575	57
137	[4039]	574	57
138	[1477]	573	57
139	[834]	572	57
140	[3310]	572	57
141	[3238]	572	57
142	[120]	571	57
143	[217]	570	56
144	[3478]	570	56
145	[319]	570	56
146	[2081]	569	56
147	[3604]	569	56
148	[1836]	569	56
149	[2175]	568	56
150	[3234]	568	56
151	[1987]	567	56
152	[126]	567	56
153	[5926]	567	56
154	[4264]	567	56
155	[379]	565	56
156	[233]	565	56
157	[177]	564	56
158	[5677]	564	56
159	[1540]	564	56
160	[1418]	563	55
161	[4613]	562	55
162	[5914]	562	55
163	[1684]	562	55
164	[228]	562	55
165	[3481]	562	55
166	[45]	561	55
167	[4469]	561	55
168	[1124]	561	55
169	[3098]	560	55
170	[78]	560	55
171	[1712]	559	55
172	[461]	558	55
173	[4256]	558	55
174	[1306]	558	55
175	[85]	557	55
176	[5618]	557	55
177	[1261]	557	55
178	[303]	556	54
179	[4085]	556	54
180	[346]	556	54
181	[2846]	556	54
182	[1756]	555	54
183	[3504]	555	54
184	[1099]	555	54
185	[4920]	555	54
186	[1511]	555	54
187	[2883]	555	54
188	[365]	554	54
189	[4241]	554	54
190	[1983]	554	54
191	[4330]	553	54
192	[2881]	553	54
193	[4488]	553	54
194	[2064]	553	54
195	[494]	553	54
196	[5448]	553	54
197	[231]	552	54
198	[191]	552	54
199	[573]	552	54
200	[2468]	552	54
201	[904]	552	54
202	[869]	551	54
203	[1559]	551	54
204	[2648]	550	54
205	[3339]	550	54
206	[2067]	550	54
207	[1058]	550	54
208	[4028]	549	53
209	[870]	549	53
210	[1764]	549	53
211	[2486]	548	53
212	[4525]	548	53
213	[4550]	547	53
214	[525]	546	53
215	[5801]	546	53
216	[5254]	546	53
217	[5933]	545	53
218	[3166]	544	53
219	[3352]	543	53
220	[2013]	543	53
221	[3044]	542	52
222	[5167]	542	52
223	[1318]	541	52
224	[4135]	541	52
225	[1768]	541	52
226	[5401]	541	52
227	[68]	540	52
228	[1746]	540	52
229	[1619]	540	52
230	[4334]	540	52
231	[2502]	540	52
232	[1250]	539	52
233	[1137]	539	52
234	[3637]	538	52
235	[193]	538	52
236	[1710]	537	52
237	[597]	537	52
238	[2783]	537	52
239	[4499]	535	51
240	[135]	535	51
241	[4180]	535	51
242	[503]	535	51
243	[4911]	534	51
244	[4146]	534	51
245	[207]	533	51
246	[3688]	533	51
247	[1089]	533	51
248	[3536]	532	51
249	[1310]	532	51
250	[5039]	532	51
251	[4276]	532	51
252	[3039]	532	51
253	[3539]	532	51
254	[364]	531	51
255	[1796]	531	51
256	[3360]	531	51
257	[2990]	531	51
258	[5166]	530	51
259	[4063]	529	51
260	[5851]	529	51
261	[1086]	528	50
262	[1648]	527	50
263	[5830]	527	50
264	[2474]	527	50
265	[746]	526	50
266	[4159]	526	50
267	[2341]	526	50
268	[1923]	526	50
269	[5124]	526	50
270	[5279]	525	50
271	[6220]	525	50
272	[6035]	525	50
273	[5832]	525	50
274	[4905]	524	50
275	[1665]	523	50
276	[4329]	523	50
277	[6086]	523	50
278	[5817]	522	50
279	[1625]	522	50
280	[103]	522	50
281	[1986]	522	50
282	[3546]	522	50
283	[6193]	522	50
284	[3284]	521	50
285	[6166]	521	50
286	[111]	521	50
287	[4405]	521	50
288	[180]	520	49
289	[4216]	519	49
290	[5842]	519	49
291	[5816]	519	49
292	[4131]	519	49
293	[2337]	518	49
294	[5624]	518	49
295	[2638]	518	49
296	[2980]	518	49
297	[3147]	518	49
298	[5980]	518	49
299	[263]	517	49
300	[5900]	516	49
301	[540]	516	49
302	[3930]	516	49
303	[1991]	516	49
304	[5505]	515	49
305	[4468]	515	49
306	[4362]	515	49
307	[1262]	515	49
308	[3925]	514	49
309	[3534]	514	49
310	[2978]	513	48
311	[341]	513	48
312	[1065]	511	48
313	[5326]	511	48
314	[401]	511	48
315	[321]	510	48
316	[6153]	510	48
317	[1257]	510	48
318	[5686]	510	48
319	[6219]	510	48
320	[5878]	509	48
321	[3932]	509	48
322	[74]	507	48
323	[2445]	507	48
324	[57]	507	48
325	[4945]	507	48
326	[3158]	507	48
327	[2526]	506	47
328	[4547]	506	47
329	[2586]	506	47
330	[5712]	505	47
331	[3128]	505	47
332	[5913]	505	47
333	[2974]	505	47
334	[3847]	504	47
335	[3324]	503	47
336	[5996]	503	47
337	[4534]	503	47
338	[4377]	503	47
339	[5098]	503	47
340	[5854]	502	47
341	[5811]	502	47
342	[1339]	502	47
343	[3770]	502	47
344	[1258]	502	47
345	[3374]	501	47
346	[5030]	501	47
347	[5726]	501	47
348	[1860]	501	47
349	[2212]	501	47
350	[999]	500	47
351	[3574]	500	47
352	[176]	500	47
353	[5804]	500	47
354	[5910]	500	47
355	[812]	499	46
356	[5199]	499	46
357	[4253]	498	46
358	[4010]	498	46
359	[4590]	498	46
360	[384]	498	46
361	[2415]	498	46
362	[3824]	498	46
363	[2383]	497	46
364	[5837]	497	46
365	[1159]	497	46
366	[1675]	497	46
367	[4009]	496	46
368	[5084]	496	46
369	[4087]	496	46
370	[4026]	496	46
371	[295]	496	46
372	[1510]	496	46
373	[3211]	496	46
374	[3490]	495	46
375	[6012]	495	46
376	[1662]	495	46
377	[1296]	495	46
378	[1671]	495	46
379	[2634]	495	46
380	[107]	495	46
381	[3506]	494	46
382	[1153]	494	46
383	[1775]	494	46
384	[5834]	494	46
385	[4646]	494	46
386	[4188]	493	46
387	[5016]	493	46
388	[339]	493	46
389	[1126]	493	46
390	[4384]	493	46
391	[5472]	492	45
392	[3260]	492	45
393	[5805]	492	45
394	[181]	491	45
395	[5053]	491	45
396	[4508]	490	45
397	[836]	490	45
398	[4744]	490	45
399	[5012]	490	45
400	[3602]	489	45
401	[686]	489	45
402	[1701]	489	45
403	[6098]	489	45
404	[1732]	488	45
405	[538]	488	45
406	[4930]	488	45
407	[4290]	487	45
408	[287]	487	45
409	[670]	487	45
410	[423]	486	45
411	[2655]	486	45
412	[5431]	486	45
413	[6221]	485	44
414	[1730]	485	44
415	[2935]	484	44
416	[3880]	484	44
417	[188]	484	44
418	[4450]	484	44
419	[5885]	484	44
420	[272]	483	44
421	[3389]	483	44
422	[2642]	482	44
423	[5454]	482	44
424	[433]	482	44
425	[1902]	482	44
426	[4183]	481	44
427	[5274]	481	44
428	[1197]	480	44
429	[5439]	480	44
430	[141]	480	44
431	[3853]	480	44
432	[2202]	480	44
433	[3005]	479	44
434	[5818]	478	43
435	[932]	478	43
436	[5855]	478	43
437	[3533]	478	43
438	[1939]	477	43
439	[5924]	477	43
440	[4910]	477	43
441	[3015]	476	43
442	[236]	476	43
443	[6070]	476	43
444	[4519]	475	43
445	[5518]	475	43
446	[3019]	475	43
447	[4122]	475	43
448	[5050]	474	43
449	[1389]	474	43
450	[88]	474	43
451	[2987]	474	43
452	[4625]	473	43
453	[1533]	472	43
454	[8]	472	43
455	[1073]	472	43
456	[498]	472	43
457	[839]	472	43
458	[5034]	471	42
459	[4740]	471	42
460	[5024]	471	42
461	[6144]	471	42
462	[1723]	471	42
463	[1208]	471	42
464	[1218]	471	42
465	[2168]	470	42
466	[1123]	470	42
467	[2338]	470	42
468	[2619]	470	42
469	[5572]	469	42
470	[5690]	468	42
471	[5048]	468	42
472	[4607]	468	42
473	[3230]	468	42
474	[5232]	467	42
475	[2194]	467	42
476	[2363]	466	42
477	[5006]	466	42
478	[5839]	464	41
479	[296]	464	41
480	[1529]	464	41
481	[4931]	464	41
482	[3042]	463	41
483	[4403]	463	41
484	[6072]	463	41
485	[623]	463	41
486	[5915]	462	41
487	[5827]	462	41
488	[3132]	462	41
489	[1325]	461	41
490	[1629]	461	41
491	[2405]	461	41
492	[279]	461	41
493	[4125]	461	41
494	[60]	460	41
495	[6175]	460	41
496	[5803]	460	41
497	[123]	460	41
498	[6055]	459	41
499	[1209]	459	41
500	[5987]	459	41
501	[4536]	458	41
502	[5930]	458	41
503	[5822]	456	40
504	[1700]	454	40
505	[604]	454	40
506	[1311]	454	40
507	[6134]	453	40
508	[3926]	453	40
509	[66]	453	40
510	[771]	453	40
511	[6171]	452	40
512	[5679]	451	40
513	[5920]	451	40
514	[781]	450	39
515	[5976]	450	39
516	[6032]	450	39
517	[5417]	448	39
518	[6075]	447	39
519	[3135]	447	39
520	[5057]	446	39
521	[6016]	446	39
522	[3303]	446	39
523	[3414]	445	39
524	[2220]	445	39
525	[955]	445	39
526	[3102]	445	39
527	[2733]	444	39
528	[3656]	443	38
529	[5876]	443	38
530	[4335]	443	38
531	[4401]	442	38
532	[2907]	441	38
533	[1405]	440	38
534	[5243]	439	38
535	[3527]	439	38
536	[4761]	436	37
537	[6082]	436	37
538	[422]	436	37
539	[2283]	435	37
540	[5940]	434	37
541	[4121]	434	37
542	[1973]	433	37
543	[5912]	432	37
544	[5897]	432	37
545	[2370]	431	37
546	[190]	431	37
547	[2080]	428	36
548	[5892]	428	36
549	[3965]	427	36
550	[3018]	427	36
551	[5846]	427	36
552	[3646]	426	36
553	[1729]	424	36
554	[5899]	423	36
555	[3562]	423	36
556	[3630]	422	35
557	[3961]	421	35
558	[5809]	419	35
559	[1156]	417	35
560	[5858]	414	34
561	[1622]	411	34
562	[4592]	411	34
563	[11]	410	34
564	[980]	410	34
565	[2848]	408	33
566	[3021]	408	33
567	[4828]	405	33
568	[3655]	405	33
569	[5422]	403	33
570	[5333]	401	32
571	[3786]	393	31
572	[4061]	392	31
573	[5332]	391	31
574	[5410]	384	30
575	[1868]	379	29
576	[1369]	377	29
577	[2102]	372	28
578	[4455]	358	26
579	[51]	346	25
580	[1143]	285	16
581	[5404]	258	12
582	[2438]	258	12
583	[6025]	246	10
584	[3735]	246	10
585	[2761]	243	10
586	[3049]	237	9
587	[1769]	234	9
588	[3397]	234	9
589	[5450]	222	7
590	[3288]	216	6
591	[5847]	216	6
592	[537]	210	5
593	[3560]	210	5
594	[5879]	207	5
595	[5870]	207	5
596	[5872]	207	5
597	[6034]	204	4
598	[4013]	198	3
599	[4301]	174	0
last update: Fri Apr 29 2016 23:42:17 GMT+0800 (HKT)