last update: Sun May 01 2016 00:38:58 GMT+0800 (HKT)

order	team	score	std
0	[67]	911	100
1	[1718]	883	96
2	[195]	866	94
3	[1678]	862	93
4	[2056]	858	93
5	[694]	852	92
6	[1519]	851	92
7	[148]	850	92
8	[1690]	840	90
9	[2122]	840	90
10	[2590]	828	89
11	[217]	827	89
12	[341]	825	88
13	[2052]	820	88
14	[230]	806	86
15	[364]	799	85
16	[1918]	794	84
17	[3683]	789	83
18	[133]	789	83
19	[4678]	782	82
20	[3546]	778	82
21	[5895]	774	81
22	[3476]	773	81
23	[5172]	772	81
24	[3641]	763	80
25	[3130]	759	79
26	[4334]	755	79
27	[5406]	747	78
28	[1024]	744	77
29	[1501]	739	77
30	[971]	739	77
31	[1425]	733	76
32	[2823]	730	75
33	[3538]	730	75
34	[876]	730	75
35	[294]	728	75
36	[225]	727	75
37	[1806]	727	75
38	[2481]	721	74
39	[2451]	721	74
40	[379]	717	74
41	[1323]	716	74
42	[166]	715	73
43	[5460]	714	73
44	[1731]	714	73
45	[33]	714	73
46	[987]	713	73
47	[4564]	712	73
48	[3005]	712	73
49	[910]	710	73
50	[365]	708	72
51	[3339]	708	72
52	[1986]	706	72
53	[2557]	703	72
54	[1756]	702	72
55	[254]	701	72
56	[3620]	700	71
57	[3539]	699	71
58	[558]	699	71
59	[2834]	699	71
60	[27]	696	71
61	[868]	696	71
62	[118]	695	71
63	[2137]	692	70
64	[525]	692	70
65	[4003]	687	70
66	[2013]	685	69
67	[179]	684	69
68	[494]	681	69
69	[708]	679	69
70	[25]	677	68
71	[330]	676	68
72	[1619]	676	68
73	[1305]	675	68
74	[16]	673	68
75	[5050]	670	67
76	[1261]	669	67
77	[1241]	668	67
78	[193]	668	67
79	[85]	664	66
80	[1197]	662	66
81	[3618]	661	66
82	[3357]	660	66
83	[3015]	656	65
84	[5150]	654	65
85	[1257]	651	65
86	[4001]	649	64
87	[3481]	649	64
88	[233]	648	64
89	[4028]	647	64
90	[125]	643	64
91	[4561]	643	64
92	[5803]	642	64
93	[639]	638	63
94	[2767]	636	63
95	[360]	634	62
96	[2648]	634	62
97	[175]	634	62
98	[4587]	632	62
99	[842]	631	62
100	[1089]	628	62
101	[3238]	628	62
102	[1114]	628	62
103	[120]	625	61
104	[973]	625	61
105	[4967]	625	61
106	[5546]	623	61
107	[2614]	623	61
108	[3990]	622	61
109	[4488]	622	61
110	[1736]	621	61
111	[1418]	620	61
112	[1640]	619	60
113	[3937]	619	60
114	[4451]	619	60
115	[2474]	619	60
116	[346]	619	60
117	[610]	619	60
118	[359]	619	60
119	[3314]	618	60
120	[2194]	617	60
121	[3360]	617	60
122	[41]	616	60
123	[1538]	615	60
124	[2502]	615	60
125	[1885]	614	60
126	[3284]	614	60
127	[5813]	613	60
128	[2522]	613	60
129	[1023]	610	59
130	[3663]	609	59
131	[20]	608	59
132	[2637]	608	59
133	[4613]	608	59
134	[2471]	606	59
135	[48]	606	59
136	[2383]	606	59
137	[3044]	604	58
138	[70]	602	58
139	[2485]	600	58
140	[176]	600	58
141	[503]	599	58
142	[3478]	599	58
143	[5448]	599	58
144	[4391]	599	58
145	[122]	598	58
146	[5499]	597	57
147	[4103]	596	57
148	[333]	596	57
149	[135]	596	57
150	[229]	596	57
151	[3309]	595	57
152	[1058]	594	57
153	[2035]	593	57
154	[1011]	591	57
155	[3419]	590	56
156	[303]	590	56
157	[5114]	589	56
158	[2054]	589	56
159	[1747]	589	56
160	[686]	588	56
161	[548]	586	56
162	[177]	586	56
163	[573]	586	56
164	[1662]	585	56
165	[1768]	585	56
166	[172]	584	56
167	[3042]	584	56
168	[1405]	582	55
169	[1137]	582	55
170	[869]	582	55
171	[5663]	581	55
172	[231]	580	55
173	[2046]	579	55
174	[2438]	578	55
175	[2067]	578	55
176	[5254]	578	55
177	[126]	577	55
178	[1625]	577	55
179	[1684]	576	55
180	[1099]	576	55
181	[2771]	575	54
182	[329]	575	54
183	[5437]	575	54
184	[78]	574	54
185	[4256]	573	54
186	[228]	573	54
187	[2439]	570	54
188	[4253]	570	54
189	[1262]	570	54
190	[1712]	567	53
191	[1775]	567	53
192	[3352]	567	53
193	[1983]	566	53
194	[1143]	566	53
195	[3574]	566	53
196	[3166]	566	53
197	[4276]	565	53
198	[2783]	564	53
199	[1477]	564	53
200	[461]	564	53
201	[1987]	564	53
202	[1540]	563	53
203	[245]	563	53
204	[858]	562	53
205	[3534]	562	53
206	[2655]	561	53
207	[2393]	560	52
208	[5326]	560	52
209	[180]	560	52
210	[2415]	559	52
211	[3970]	558	52
212	[207]	558	52
213	[1676]	557	52
214	[4469]	557	52
215	[2147]	557	52
216	[1124]	556	52
217	[5166]	556	52
218	[4362]	556	52
219	[74]	556	52
220	[45]	555	52
221	[3536]	555	52
222	[4242]	555	52
223	[1710]	555	52
224	[4085]	555	52
225	[3847]	554	52
226	[3245]	553	51
227	[2403]	553	51
228	[3824]	552	51
229	[321]	552	51
230	[1481]	551	51
231	[5618]	551	51
232	[2881]	550	51
233	[4122]	549	51
234	[5907]	548	51
235	[4264]	548	51
236	[2996]	548	51
237	[2586]	547	51
238	[2486]	546	50
239	[6153]	546	50
240	[263]	546	50
241	[57]	546	50
242	[3098]	545	50
243	[3310]	545	50
244	[5878]	545	50
245	[4009]	545	50
246	[904]	545	50
247	[3504]	545	50
248	[834]	545	50
249	[1391]	544	50
250	[870]	543	50
251	[2175]	543	50
252	[272]	543	50
253	[295]	543	50
254	[3211]	543	50
255	[1250]	543	50
256	[1675]	542	50
257	[1746]	541	50
258	[1086]	541	50
259	[4468]	541	50
260	[3932]	540	50
261	[1306]	539	50
262	[5801]	539	50
263	[4063]	538	49
264	[384]	538	49
265	[2883]	537	49
266	[4384]	537	49
267	[999]	537	49
268	[4329]	537	49
269	[4550]	537	49
270	[5167]	536	49
271	[6098]	536	49
272	[5048]	536	49
273	[5472]	536	49
274	[1065]	535	49
275	[4241]	535	49
276	[2974]	535	49
277	[6167]	535	49
278	[191]	535	49
279	[2990]	535	49
280	[3452]	534	49
281	[5914]	532	49
282	[5933]	531	48
283	[1796]	531	48
284	[2619]	531	48
285	[4131]	531	48
286	[111]	530	48
287	[6166]	530	48
288	[1153]	530	48
289	[4499]	529	48
290	[3604]	529	48
291	[2987]	527	48
292	[4060]	527	48
293	[123]	527	48
294	[5832]	527	48
295	[1533]	527	48
296	[4920]	527	48
297	[1730]	527	48
298	[2081]	526	48
299	[4905]	526	48
300	[1310]	526	48
301	[401]	526	48
302	[3234]	526	48
303	[6086]	525	48
304	[2468]	525	48
305	[2445]	525	48
306	[5016]	525	48
307	[2337]	524	47
308	[6025]	524	47
309	[2846]	523	47
310	[5199]	523	47
311	[4911]	521	47
312	[1836]	521	47
313	[5518]	520	47
314	[5913]	520	47
315	[5818]	519	47
316	[5279]	519	47
317	[4525]	518	47
318	[60]	518	47
319	[3147]	518	47
320	[319]	518	47
321	[4180]	518	47
322	[1318]	517	47
323	[4290]	517	47
324	[2363]	516	46
325	[1258]	516	46
326	[3770]	516	46
327	[181]	516	46
328	[5124]	516	46
329	[5842]	515	46
330	[3688]	515	46
331	[4183]	515	46
332	[1559]	515	46
333	[5980]	515	46
334	[3602]	515	46
335	[6221]	514	46
336	[5851]	514	46
337	[4377]	514	46
338	[3128]	514	46
339	[5030]	513	46
340	[4330]	513	46
341	[423]	512	46
342	[4216]	512	46
343	[2733]	512	46
344	[107]	512	46
345	[6035]	512	46
346	[5039]	511	46
347	[1296]	511	46
348	[5098]	510	46
349	[6144]	509	45
350	[1529]	508	45
351	[1511]	507	45
352	[5830]	507	45
353	[4146]	507	45
354	[5712]	507	45
355	[5404]	506	45
356	[5624]	506	45
357	[68]	505	45
358	[1769]	505	45
359	[6171]	505	45
360	[4010]	504	45
361	[3637]	503	45
362	[287]	503	45
363	[5872]	503	45
364	[1701]	503	45
365	[1126]	502	45
366	[5891]	501	44
367	[1648]	500	44
368	[2980]	500	44
369	[3039]	500	44
370	[2634]	500	44
371	[5505]	500	44
372	[2168]	500	44
373	[5450]	500	44
374	[2642]	499	44
375	[5920]	499	44
376	[5439]	499	44
377	[4930]	499	44
378	[2638]	498	44
379	[3506]	498	44
380	[4534]	498	44
381	[1764]	498	44
382	[3260]	498	44
383	[6175]	497	44
384	[1723]	497	44
385	[5837]	497	44
386	[1339]	497	44
387	[4646]	497	44
388	[5431]	496	44
389	[5910]	496	44
390	[5006]	496	44
391	[836]	496	44
392	[4405]	496	44
393	[5677]	495	44
394	[4519]	495	44
395	[279]	494	43
396	[141]	494	43
397	[2848]	494	43
398	[4403]	494	43
399	[103]	493	43
400	[5924]	493	43
401	[3397]	493	43
402	[3930]	493	43
403	[5996]	492	43
404	[812]	492	43
405	[1671]	492	43
406	[3853]	492	43
407	[2341]	492	43
408	[5804]	491	43
409	[2978]	491	43
410	[2064]	491	43
411	[4159]	490	43
412	[1510]	490	43
413	[5726]	489	43
414	[5900]	489	43
415	[1325]	489	43
416	[4536]	489	43
417	[5816]	489	43
418	[3656]	488	43
419	[3880]	488	43
420	[339]	488	43
421	[3490]	487	42
422	[6193]	487	42
423	[5053]	487	42
424	[4188]	487	42
425	[5885]	487	42
426	[5811]	487	42
427	[4450]	487	42
428	[4945]	486	42
429	[8]	486	42
430	[188]	486	42
431	[5401]	486	42
432	[5926]	486	42
433	[6219]	486	42
434	[1389]	486	42
435	[498]	485	42
436	[6220]	483	42
437	[6134]	483	42
438	[4508]	483	42
439	[5686]	483	42
440	[4931]	483	42
441	[1311]	482	42
442	[4087]	482	42
443	[2935]	482	42
444	[3019]	481	42
445	[3230]	481	42
446	[670]	481	42
447	[771]	481	42
448	[4547]	480	42
449	[5854]	480	42
450	[597]	480	42
451	[1923]	479	41
452	[5817]	479	41
453	[3414]	479	41
454	[5839]	478	41
455	[5822]	478	41
456	[746]	478	41
457	[3324]	478	41
458	[3135]	477	41
459	[1902]	477	41
460	[2526]	477	41
461	[1208]	477	41
462	[1732]	476	41
463	[3018]	475	41
464	[6012]	475	41
465	[4039]	475	41
466	[4026]	475	41
467	[2202]	475	41
468	[5274]	475	41
469	[422]	474	41
470	[3132]	474	41
471	[6032]	472	40
472	[5976]	472	40
473	[540]	472	40
474	[5930]	472	40
475	[4607]	471	40
476	[2761]	471	40
477	[4125]	471	40
478	[236]	471	40
479	[4625]	470	40
480	[190]	469	40
481	[1218]	468	40
482	[4061]	468	40
483	[5855]	468	40
484	[4740]	468	40
485	[5805]	468	40
486	[623]	467	40
487	[5232]	467	40
488	[4744]	466	40
489	[1991]	466	40
490	[5034]	466	40
491	[4590]	466	40
492	[3102]	465	39
493	[5846]	465	39
494	[5084]	464	39
495	[6075]	463	39
496	[5690]	462	39
497	[3925]	462	39
498	[2405]	461	39
499	[88]	461	39
500	[5679]	461	39
501	[4135]	460	39
502	[6070]	460	39
503	[3533]	460	39
504	[1860]	459	39
505	[5858]	459	39
506	[4761]	459	39
507	[3158]	459	39
508	[6055]	459	39
509	[955]	458	39
510	[5572]	458	39
511	[5410]	456	38
512	[1159]	456	38
513	[1073]	454	38
514	[604]	454	38
515	[5870]	453	38
516	[3374]	453	38
517	[932]	453	38
518	[5012]	453	38
519	[1629]	452	38
520	[5834]	452	38
521	[4013]	452	38
522	[2212]	451	38
523	[5024]	451	38
524	[1665]	451	38
525	[839]	450	37
526	[3926]	450	37
527	[5417]	449	37
528	[5827]	448	37
529	[5915]	447	37
530	[5332]	447	37
531	[1939]	447	37
532	[66]	446	37
533	[1123]	446	37
534	[5454]	446	37
535	[6016]	446	37
536	[2370]	445	37
537	[2220]	445	37
538	[3049]	444	37
539	[5422]	444	37
540	[538]	443	36
541	[2338]	443	36
542	[2907]	443	36
543	[5057]	443	36
544	[1209]	443	36
545	[537]	442	36
546	[1700]	442	36
547	[2102]	442	36
548	[5847]	442	36
549	[5987]	441	36
550	[3303]	441	36
551	[3735]	441	36
552	[6082]	440	36
553	[3646]	440	36
554	[296]	439	36
555	[3630]	438	36
556	[3961]	437	36
557	[3600]	436	36
558	[4910]	436	36
559	[1156]	435	35
560	[5940]	434	35
561	[5333]	433	35
562	[2283]	433	35
563	[11]	432	35
564	[5912]	431	35
565	[5876]	431	35
566	[6072]	430	35
567	[781]	429	35
568	[3389]	429	35
569	[4828]	428	34
570	[5243]	428	34
571	[3021]	427	34
572	[1973]	427	34
573	[3655]	425	34
574	[3965]	425	34
575	[3527]	424	34
576	[980]	424	34
577	[5897]	423	34
578	[3562]	423	34
579	[4121]	420	33
580	[1868]	419	33
581	[5892]	419	33
582	[4401]	415	33
583	[433]	415	33
584	[5879]	413	32
585	[1729]	413	32
586	[4335]	413	32
587	[3786]	411	32
588	[1622]	408	32
589	[4592]	407	32
590	[5899]	405	31
591	[3288]	404	31
592	[51]	400	31
593	[5809]	398	30
594	[6034]	392	30
595	[2080]	371	27
596	[1369]	368	26
597	[4455]	358	25
598	[3560]	210	5
599	[4301]	174	0
last update: Sun May 01 2016 00:38:58 GMT+0800 (HKT)