last update: Sat Apr 30 2016 05:03:46 GMT+0800 (HKT)

order	team	score	std
0	[1241]	875	100
1	[973]	855	97
2	[67]	825	93
3	[2451]	785	87
4	[195]	754	83
5	[1519]	752	82
6	[230]	741	81
7	[254]	741	81
8	[27]	738	80
9	[3620]	737	80
10	[133]	729	79
11	[118]	728	79
12	[5172]	711	77
13	[2823]	705	76
14	[148]	702	75
15	[971]	699	75
16	[16]	688	73
17	[179]	683	73
18	[225]	682	72
19	[4003]	675	71
20	[166]	673	71
21	[1024]	670	71
22	[2035]	668	70
23	[1690]	667	70
24	[1806]	666	70
25	[217]	663	70
26	[2056]	662	70
27	[610]	661	69
28	[3641]	657	69
29	[5546]	650	68
30	[294]	648	68
31	[360]	646	67
32	[2767]	645	67
33	[1731]	644	67
34	[1425]	644	67
35	[708]	644	67
36	[1918]	642	67
37	[1678]	642	67
38	[4678]	640	66
39	[359]	639	66
40	[694]	639	66
41	[48]	639	66
42	[2052]	637	66
43	[868]	636	66
44	[2122]	633	65
45	[4564]	632	65
46	[4561]	631	65
47	[1736]	627	65
48	[3314]	626	64
49	[3683]	625	64
50	[2485]	624	64
51	[1418]	623	64
52	[2834]	623	64
53	[122]	622	64
54	[3990]	620	64
55	[558]	618	63
56	[2471]	618	63
57	[2393]	617	63
58	[2403]	616	63
59	[330]	616	63
60	[1538]	615	63
61	[5150]	614	63
62	[1885]	614	63
63	[1323]	614	63
64	[126]	613	63
65	[3238]	613	63
66	[1718]	613	63
67	[1114]	612	62
68	[1305]	611	62
69	[2557]	611	62
70	[876]	610	62
71	[5895]	610	62
72	[25]	609	62
73	[2637]	608	62
74	[20]	608	62
75	[33]	608	62
76	[1747]	607	62
77	[3284]	606	62
78	[2590]	605	61
79	[842]	605	61
80	[3476]	605	61
81	[3130]	605	61
82	[4587]	604	61
83	[2137]	603	61
84	[2481]	602	61
85	[3663]	601	61
86	[910]	600	61
87	[4391]	599	61
88	[5406]	598	60
89	[2013]	597	60
90	[3044]	596	60
91	[41]	596	60
92	[3309]	595	60
93	[3937]	595	60
94	[2614]	595	60
95	[229]	594	60
96	[1058]	594	60
97	[3618]	594	60
98	[172]	593	60
99	[1501]	593	60
100	[5499]	593	60
101	[245]	593	60
102	[70]	592	60
103	[176]	591	59
104	[4001]	590	59
105	[5114]	590	59
106	[4613]	590	59
107	[869]	589	59
108	[5460]	589	59
109	[346]	589	59
110	[2054]	589	59
111	[3360]	587	59
112	[125]	587	59
113	[573]	586	59
114	[177]	586	59
115	[548]	586	59
116	[5907]	585	59
117	[4967]	585	59
118	[4334]	585	59
119	[4103]	584	58
120	[303]	584	58
121	[2175]	582	58
122	[175]	582	58
123	[2046]	582	58
124	[3005]	582	58
125	[2996]	581	58
126	[231]	580	58
127	[4242]	580	58
128	[1987]	579	58
129	[1261]	579	58
130	[5813]	579	58
131	[3538]	578	58
132	[5166]	577	57
133	[2502]	576	57
134	[461]	576	57
135	[1099]	576	57
136	[4488]	575	57
137	[2147]	575	57
138	[2522]	575	57
139	[319]	575	57
140	[85]	575	57
141	[365]	574	57
142	[1712]	573	57
143	[4256]	573	57
144	[228]	573	57
145	[4451]	573	57
146	[3357]	572	57
147	[1640]	571	57
148	[494]	571	57
149	[4264]	569	56
150	[364]	569	56
151	[1768]	569	56
152	[1481]	569	56
153	[1559]	569	56
154	[78]	566	56
155	[2771]	566	56
156	[3539]	566	56
157	[1143]	566	56
158	[987]	565	56
159	[3245]	565	56
160	[4063]	565	56
161	[2783]	564	56
162	[1684]	564	56
163	[5891]	564	56
164	[45]	564	56
165	[1318]	562	55
166	[904]	562	55
167	[1746]	562	55
168	[858]	562	55
169	[639]	562	55
170	[4241]	562	55
171	[2445]	561	55
172	[4028]	561	55
173	[3478]	561	55
174	[1137]	560	55
175	[5326]	560	55
176	[1306]	559	55
177	[1477]	558	55
178	[4469]	557	55
179	[3310]	557	55
180	[5663]	557	55
181	[3098]	557	55
182	[329]	557	55
183	[1676]	557	55
184	[4253]	556	54
185	[2648]	556	54
186	[4085]	556	54
187	[1124]	556	54
188	[1023]	555	54
189	[2883]	555	54
190	[1011]	555	54
191	[379]	555	54
192	[3339]	554	54
193	[5448]	553	54
194	[4039]	553	54
195	[321]	552	54
196	[2439]	552	54
197	[3536]	552	54
198	[2064]	552	54
199	[5437]	551	54
200	[5618]	551	54
201	[3504]	551	54
202	[2881]	550	54
203	[2846]	550	54
204	[2067]	550	54
205	[525]	550	54
206	[1511]	549	53
207	[3534]	548	53
208	[3039]	548	53
209	[999]	548	53
210	[1710]	548	53
211	[2468]	547	53
212	[1089]	547	53
213	[1540]	546	53
214	[4146]	546	53
215	[57]	546	53
216	[263]	546	53
217	[5878]	545	53
218	[834]	545	53
219	[4525]	545	53
220	[1391]	544	53
221	[2655]	544	53
222	[191]	544	53
223	[272]	543	53
224	[1619]	543	53
225	[5016]	543	53
226	[74]	542	52
227	[2474]	542	52
228	[3234]	541	52
229	[5914]	541	52
230	[3481]	541	52
231	[5913]	541	52
232	[180]	540	52
233	[1250]	539	52
234	[6153]	538	52
235	[4550]	537	52
236	[3352]	537	52
237	[1764]	537	52
238	[401]	537	52
239	[3637]	536	52
240	[5167]	536	52
241	[1983]	536	52
242	[503]	535	51
243	[6167]	535	51
244	[207]	534	51
245	[1986]	534	51
246	[5048]	534	51
247	[4468]	533	51
248	[2438]	532	51
249	[4330]	532	51
250	[3970]	532	51
251	[3574]	532	51
252	[1675]	532	51
253	[295]	532	51
254	[2586]	531	51
255	[5933]	531	51
256	[4131]	531	51
257	[1796]	531	51
258	[5712]	531	51
259	[3932]	531	51
260	[2337]	530	51
261	[5254]	530	51
262	[3452]	530	51
263	[111]	530	51
264	[1310]	529	51
265	[3604]	529	51
266	[4499]	529	51
267	[1262]	529	51
268	[1257]	528	50
269	[5832]	527	50
270	[6144]	527	50
271	[1756]	526	50
272	[2486]	526	50
273	[2081]	526	50
274	[3166]	526	50
275	[233]	526	50
276	[4377]	526	50
277	[3419]	526	50
278	[4920]	525	50
279	[6220]	525	50
280	[2990]	525	50
281	[6086]	525	50
282	[5872]	525	50
283	[3546]	524	50
284	[1533]	523	50
285	[1065]	523	50
286	[5039]	522	50
287	[4216]	521	50
288	[4122]	521	50
289	[6166]	521	50
290	[4362]	521	50
291	[5842]	521	50
292	[193]	520	49
293	[1126]	520	49
294	[4384]	520	49
295	[870]	519	49
296	[5279]	519	49
297	[2974]	519	49
298	[5450]	518	49
299	[4180]	518	49
300	[1769]	518	49
301	[3147]	518	49
302	[123]	518	49
303	[4911]	517	49
304	[5851]	517	49
305	[4276]	517	49
306	[3770]	516	49
307	[5401]	516	49
308	[5801]	516	49
309	[1258]	516	49
310	[5124]	516	49
311	[1902]	516	49
312	[333]	515	49
313	[5980]	515	49
314	[1836]	515	49
315	[3128]	514	49
316	[6171]	514	49
317	[5098]	513	48
318	[4519]	513	48
319	[341]	513	48
320	[5030]	513	48
321	[423]	512	48
322	[2638]	512	48
323	[1339]	512	48
324	[1086]	512	48
325	[1296]	511	48
326	[1625]	511	48
327	[4159]	511	48
328	[5677]	510	48
329	[6035]	510	48
330	[5816]	510	48
331	[5854]	510	48
332	[4290]	509	48
333	[2761]	507	48
334	[5926]	507	48
335	[5726]	507	48
336	[686]	507	48
337	[5830]	507	48
338	[5624]	506	47
339	[1153]	506	47
340	[2978]	506	47
341	[2987]	506	47
342	[141]	506	47
343	[5996]	505	47
344	[5518]	505	47
345	[5811]	505	47
346	[4010]	504	47
347	[3847]	504	47
348	[2194]	503	47
349	[5199]	503	47
350	[5505]	503	47
351	[1311]	502	47
352	[2980]	502	47
353	[4930]	502	47
354	[597]	501	47
355	[812]	501	47
356	[2634]	500	47
357	[4534]	500	47
358	[5472]	500	47
359	[5885]	499	46
360	[746]	499	46
361	[384]	498	46
362	[2619]	497	46
363	[1648]	497	46
364	[3688]	497	46
365	[6219]	497	46
366	[4646]	497	46
367	[6221]	496	46
368	[4547]	496	46
369	[135]	496	46
370	[836]	496	46
371	[3397]	496	46
372	[6012]	495	46
373	[1730]	495	46
374	[2642]	495	46
375	[4060]	494	46
376	[3824]	494	46
377	[279]	494	46
378	[107]	494	46
379	[4590]	494	46
380	[5837]	493	46
381	[103]	493	46
382	[4135]	493	46
383	[3853]	492	45
384	[2341]	492	45
385	[4945]	492	45
386	[2415]	491	45
387	[4405]	491	45
388	[4905]	490	45
389	[6193]	490	45
390	[1510]	490	45
391	[1701]	489	45
392	[1662]	489	45
393	[5686]	489	45
394	[5900]	489	45
395	[3602]	489	45
396	[3324]	488	45
397	[3656]	488	45
398	[181]	488	45
399	[5431]	488	45
400	[5053]	487	45
401	[3490]	487	45
402	[68]	487	45
403	[4188]	487	45
404	[670]	487	45
405	[3211]	487	45
406	[4183]	487	45
407	[3506]	486	45
408	[3132]	486	45
409	[236]	486	45
410	[3880]	486	45
411	[1325]	485	44
412	[1723]	485	44
413	[2526]	485	44
414	[5804]	485	44
415	[498]	485	44
416	[188]	484	44
417	[4508]	484	44
418	[2363]	484	44
419	[120]	484	44
420	[1671]	484	44
421	[6134]	483	44
422	[5439]	483	44
423	[3930]	483	44
424	[4009]	483	44
425	[3042]	482	44
426	[5910]	482	44
427	[5818]	481	44
428	[5012]	481	44
429	[3230]	481	44
430	[6075]	481	44
431	[3019]	481	44
432	[1939]	480	44
433	[5050]	480	44
434	[6098]	480	44
435	[1923]	479	44
436	[2338]	479	44
437	[1629]	479	44
438	[1775]	479	44
439	[2405]	479	44
440	[339]	478	43
441	[2935]	478	43
442	[4329]	478	43
443	[1208]	477	43
444	[4910]	477	43
445	[3015]	476	43
446	[8]	476	43
447	[1732]	476	43
448	[5822]	476	43
449	[5839]	474	43
450	[3260]	474	43
451	[2168]	474	43
452	[422]	474	43
453	[1389]	474	43
454	[4625]	473	43
455	[5924]	473	43
456	[1209]	473	43
457	[2383]	473	43
458	[88]	473	43
459	[4087]	472	43
460	[6032]	472	43
461	[5976]	472	43
462	[5930]	472	43
463	[5803]	472	43
464	[190]	471	42
465	[2733]	470	42
466	[4931]	470	42
467	[4450]	469	42
468	[287]	469	42
469	[1218]	468	42
470	[540]	468	42
471	[932]	468	42
472	[4740]	468	42
473	[4026]	468	42
474	[5834]	467	42
475	[66]	467	42
476	[5232]	467	42
477	[3925]	466	42
478	[3102]	465	42
479	[3158]	465	42
480	[6070]	464	41
481	[6175]	464	41
482	[1529]	464	41
483	[5920]	463	41
484	[2212]	463	41
485	[5805]	462	41
486	[1860]	462	41
487	[5855]	462	41
488	[5034]	462	41
489	[5679]	461	41
490	[3414]	461	41
491	[5690]	460	41
492	[3533]	460	41
493	[4536]	459	41
494	[5817]	459	41
495	[6055]	459	41
496	[623]	459	41
497	[5915]	459	41
498	[538]	458	41
499	[5454]	458	41
500	[5572]	458	41
501	[4061]	458	41
502	[5846]	457	40
503	[1159]	456	40
504	[5024]	455	40
505	[4744]	454	40
506	[5006]	454	40
507	[1700]	454	40
508	[604]	454	40
509	[5870]	453	40
510	[3374]	453	40
511	[4013]	452	40
512	[5084]	452	40
513	[1665]	451	40
514	[3926]	450	39
515	[781]	450	39
516	[6082]	449	39
517	[4125]	449	39
518	[5417]	449	39
519	[3018]	449	39
520	[4403]	448	39
521	[1073]	448	39
522	[1197]	448	39
523	[2202]	447	39
524	[6016]	446	39
525	[1123]	446	39
526	[2220]	445	39
527	[5274]	445	39
528	[2370]	445	39
529	[771]	445	39
530	[3049]	444	39
531	[839]	444	39
532	[1991]	444	39
533	[5057]	443	38
534	[537]	442	38
535	[955]	442	38
536	[5987]	441	38
537	[1405]	440	38
538	[3303]	439	38
539	[6072]	439	38
540	[3630]	438	38
541	[4607]	437	38
542	[3527]	436	37
543	[5410]	436	37
544	[60]	436	37
545	[2283]	435	37
546	[296]	434	37
547	[5940]	434	37
548	[11]	432	37
549	[2848]	432	37
550	[5912]	431	37
551	[5876]	431	37
552	[4401]	430	37
553	[2907]	429	36
554	[3389]	429	36
555	[3600]	428	36
556	[4828]	428	36
557	[5243]	428	36
558	[1973]	427	36
559	[5333]	427	36
560	[3021]	427	36
561	[3646]	426	36
562	[3965]	425	36
563	[5847]	424	36
564	[4761]	424	36
565	[980]	424	36
566	[3562]	423	36
567	[3135]	423	36
568	[4121]	423	36
569	[5897]	423	36
570	[3961]	421	35
571	[1729]	421	35
572	[1156]	421	35
573	[5827]	420	35
574	[5892]	419	35
575	[5858]	416	35
576	[1868]	415	34
577	[4335]	413	34
578	[5879]	413	34
579	[3786]	411	34
580	[4592]	411	34
581	[1622]	408	33
582	[5899]	405	33
583	[5809]	404	33
584	[433]	401	32
585	[5422]	400	32
586	[51]	400	32
587	[3655]	399	32
588	[6034]	392	31
589	[5332]	385	30
590	[2080]	371	28
591	[1369]	368	28
592	[3288]	360	27
593	[4455]	358	26
594	[2102]	354	26
595	[5404]	258	12
596	[6025]	234	9
597	[3735]	210	5
598	[3560]	210	5
599	[4301]	174	0
last update: Sat Apr 30 2016 05:03:46 GMT+0800 (HKT)