last update: Fri Apr 29 2016 23:21:51 GMT+0800 (HKT)

order	team	score	std
0	[1519]	875	100
1	[195]	810	91
2	[973]	810	91
3	[1241]	800	89
4	[3130]	785	87
5	[2834]	750	82
6	[254]	741	81
7	[133]	729	79
8	[3620]	716	77
9	[4001]	715	77
10	[118]	714	77
11	[230]	711	77
12	[2451]	705	76
13	[27]	704	76
14	[1024]	700	75
15	[166]	694	74
16	[16]	688	73
17	[148]	688	73
18	[67]	685	73
19	[225]	678	72
20	[971]	675	71
21	[45]	675	71
22	[4003]	675	71
23	[2823]	675	71
24	[2614]	667	70
25	[2035]	665	70
26	[4564]	665	70
27	[5172]	665	70
28	[987]	665	70
29	[2056]	662	70
30	[5895]	660	69
31	[3166]	655	69
32	[3357]	647	67
33	[610]	647	67
34	[360]	646	67
35	[5907]	645	67
36	[708]	644	67
37	[3314]	643	67
38	[1391]	640	66
39	[1806]	640	66
40	[1918]	638	66
41	[4060]	635	66
42	[333]	635	66
43	[876]	634	66
44	[868]	634	66
45	[3641]	633	65
46	[2767]	629	65
47	[1114]	628	65
48	[1310]	625	64
49	[1323]	623	64
50	[3538]	623	64
51	[122]	622	64
52	[1425]	620	64
53	[1678]	620	64
54	[1011]	619	63
55	[4678]	619	63
56	[2471]	618	63
57	[5813]	617	63
58	[1736]	617	63
59	[330]	616	63
60	[294]	616	63
61	[2137]	615	63
62	[1885]	614	63
63	[558]	610	62
64	[3476]	609	62
65	[910]	609	62
66	[2052]	605	61
67	[41]	605	61
68	[1640]	605	61
69	[5437]	605	61
70	[2996]	605	61
71	[4587]	604	61
72	[5663]	602	61
73	[359]	602	61
74	[6167]	601	61
75	[5546]	600	61
76	[4967]	600	61
77	[1538]	600	61
78	[70]	599	61
79	[5150]	599	61
80	[2637]	599	61
81	[125]	599	61
82	[4561]	599	61
83	[3419]	598	60
84	[548]	598	60
85	[842]	597	60
86	[2393]	595	60
87	[5114]	595	60
88	[5891]	595	60
89	[2485]	594	60
90	[3452]	593	60
91	[172]	593	60
92	[3600]	593	60
93	[3970]	592	60
94	[379]	592	60
95	[48]	592	60
96	[639]	592	60
97	[2557]	591	59
98	[1747]	591	59
99	[2046]	591	59
100	[1690]	589	59
101	[2590]	589	59
102	[5406]	588	59
103	[2481]	588	59
104	[4451]	587	59
105	[2122]	587	59
106	[20]	586	59
107	[1718]	585	59
108	[1501]	585	59
109	[4103]	584	58
110	[2403]	584	58
111	[4242]	583	58
112	[3663]	583	58
113	[2054]	582	58
114	[329]	581	58
115	[1676]	581	58
116	[834]	581	58
117	[233]	580	58
118	[33]	580	58
119	[1305]	580	58
120	[5803]	580	58
121	[3309]	580	58
122	[5460]	579	58
123	[25]	579	58
124	[3937]	579	58
125	[1023]	579	58
126	[3683]	578	58
127	[229]	578	58
128	[2147]	578	58
129	[858]	577	57
130	[3245]	577	57
131	[2439]	577	57
132	[3990]	576	57
133	[1731]	576	57
134	[4391]	576	57
135	[2771]	575	57
136	[175]	575	57
137	[2522]	575	57
138	[1481]	575	57
139	[4039]	574	57
140	[1477]	573	57
141	[3238]	572	57
142	[3310]	572	57
143	[120]	571	57
144	[179]	571	57
145	[217]	570	56
146	[3478]	570	56
147	[2081]	569	56
148	[3604]	569	56
149	[1836]	569	56
150	[245]	569	56
151	[3234]	568	56
152	[2175]	568	56
153	[5926]	567	56
154	[126]	567	56
155	[1987]	567	56
156	[4264]	567	56
157	[5677]	564	56
158	[1540]	564	56
159	[177]	564	56
160	[1559]	563	55
161	[1418]	563	55
162	[5914]	562	55
163	[4085]	562	55
164	[3481]	562	55
165	[1684]	562	55
166	[4613]	562	55
167	[1124]	561	55
168	[4469]	561	55
169	[78]	560	55
170	[694]	560	55
171	[3098]	560	55
172	[5499]	559	55
173	[1712]	559	55
174	[3618]	559	55
175	[228]	558	55
176	[4256]	558	55
177	[1306]	558	55
178	[191]	558	55
179	[461]	558	55
180	[1261]	557	55
181	[85]	557	55
182	[346]	556	54
183	[303]	556	54
184	[1099]	555	54
185	[525]	555	54
186	[1756]	555	54
187	[2883]	555	54
188	[3504]	555	54
189	[4920]	555	54
190	[1511]	555	54
191	[1983]	554	54
192	[365]	554	54
193	[4241]	554	54
194	[2881]	553	54
195	[5448]	553	54
196	[4488]	553	54
197	[4330]	553	54
198	[494]	553	54
199	[2064]	553	54
200	[573]	552	54
201	[2468]	552	54
202	[319]	552	54
203	[904]	552	54
204	[231]	552	54
205	[3688]	551	54
206	[869]	551	54
207	[2648]	550	54
208	[2067]	550	54
209	[3339]	550	54
210	[1058]	550	54
211	[4525]	550	54
212	[4028]	549	53
213	[870]	549	53
214	[1764]	549	53
215	[5618]	548	53
216	[2486]	548	53
217	[4550]	547	53
218	[5254]	546	53
219	[5801]	546	53
220	[5933]	545	53
221	[2013]	543	53
222	[3352]	543	53
223	[3044]	542	52
224	[5167]	542	52
225	[1768]	541	52
226	[4135]	541	52
227	[1318]	541	52
228	[5401]	541	52
229	[2341]	541	52
230	[1619]	540	52
231	[1746]	540	52
232	[2502]	540	52
233	[1137]	539	52
234	[1250]	539	52
235	[3637]	538	52
236	[2846]	538	52
237	[2783]	537	52
238	[1710]	537	52
239	[597]	537	52
240	[5505]	536	52
241	[503]	535	51
242	[4499]	535	51
243	[135]	535	51
244	[2974]	535	51
245	[4180]	535	51
246	[2990]	535	51
247	[4146]	534	51
248	[4911]	534	51
249	[3158]	534	51
250	[1089]	533	51
251	[207]	533	51
252	[3539]	532	51
253	[5039]	532	51
254	[3039]	532	51
255	[3536]	532	51
256	[3360]	531	51
257	[1796]	531	51
258	[364]	531	51
259	[5166]	530	51
260	[5712]	529	51
261	[4063]	529	51
262	[1086]	528	50
263	[1648]	527	50
264	[2474]	527	50
265	[5830]	527	50
266	[193]	526	50
267	[1923]	526	50
268	[4159]	526	50
269	[5832]	525	50
270	[6035]	525	50
271	[6220]	525	50
272	[5279]	525	50
273	[4905]	524	50
274	[1665]	523	50
275	[4329]	523	50
276	[6086]	523	50
277	[746]	523	50
278	[6193]	522	50
279	[3546]	522	50
280	[103]	522	50
281	[1625]	522	50
282	[1986]	522	50
283	[5817]	522	50
284	[6166]	521	50
285	[4405]	521	50
286	[111]	521	50
287	[3284]	521	50
288	[180]	520	49
289	[5816]	519	49
290	[4216]	519	49
291	[6098]	519	49
292	[5842]	519	49
293	[4131]	519	49
294	[2980]	518	49
295	[2337]	518	49
296	[3147]	518	49
297	[1159]	518	49
298	[5624]	518	49
299	[2638]	518	49
300	[5980]	518	49
301	[263]	517	49
302	[5199]	517	49
303	[1991]	516	49
304	[540]	516	49
305	[5900]	516	49
306	[3930]	516	49
307	[4468]	515	49
308	[4362]	515	49
309	[1262]	515	49
310	[3925]	514	49
311	[341]	513	48
312	[4290]	511	48
313	[401]	511	48
314	[6153]	510	48
315	[6219]	510	48
316	[5686]	510	48
317	[321]	510	48
318	[1257]	510	48
319	[3932]	509	48
320	[5834]	509	48
321	[5878]	509	48
322	[5124]	508	48
323	[57]	507	48
324	[4945]	507	48
325	[74]	507	48
326	[68]	507	48
327	[2445]	507	48
328	[2586]	506	47
329	[3534]	506	47
330	[3847]	506	47
331	[2526]	506	47
332	[3128]	505	47
333	[1065]	505	47
334	[5913]	505	47
335	[4377]	503	47
336	[3324]	503	47
337	[4534]	503	47
338	[5098]	503	47
339	[4334]	502	47
340	[1258]	502	47
341	[5811]	502	47
342	[1339]	502	47
343	[3374]	501	47
344	[2212]	501	47
345	[5030]	501	47
346	[5726]	501	47
347	[1860]	501	47
348	[999]	500	47
349	[5804]	500	47
350	[176]	500	47
351	[5910]	500	47
352	[812]	499	46
353	[384]	498	46
354	[4590]	498	46
355	[4253]	498	46
356	[2415]	498	46
357	[2383]	497	46
358	[5837]	497	46
359	[1675]	497	46
360	[295]	496	46
361	[4087]	496	46
362	[5326]	496	46
363	[1510]	496	46
364	[4026]	496	46
365	[3211]	496	46
366	[4276]	496	46
367	[4009]	496	46
368	[5084]	496	46
369	[2634]	495	46
370	[6012]	495	46
371	[3490]	495	46
372	[1671]	495	46
373	[107]	495	46
374	[1296]	495	46
375	[1662]	495	46
376	[4646]	494	46
377	[3574]	494	46
378	[3506]	494	46
379	[1775]	494	46
380	[339]	493	46
381	[4384]	493	46
382	[3880]	493	46
383	[1126]	493	46
384	[5016]	493	46
385	[4188]	493	46
386	[3260]	492	45
387	[5805]	492	45
388	[5472]	492	45
389	[5053]	491	45
390	[181]	491	45
391	[2655]	490	45
392	[5012]	490	45
393	[5854]	490	45
394	[4744]	490	45
395	[4508]	490	45
396	[836]	490	45
397	[3602]	489	45
398	[686]	489	45
399	[1701]	489	45
400	[4930]	488	45
401	[1732]	488	45
402	[287]	487	45
403	[623]	487	45
404	[670]	487	45
405	[3230]	486	45
406	[5431]	486	45
407	[4010]	486	45
408	[6221]	485	44
409	[1730]	485	44
410	[5885]	484	44
411	[4450]	484	44
412	[188]	484	44
413	[2935]	484	44
414	[272]	483	44
415	[3389]	483	44
416	[1389]	483	44
417	[433]	482	44
418	[5454]	482	44
419	[2642]	482	44
420	[1902]	482	44
421	[4183]	481	44
422	[5274]	481	44
423	[5572]	481	44
424	[5439]	480	44
425	[1197]	480	44
426	[2202]	480	44
427	[3853]	480	44
428	[141]	480	44
429	[3005]	479	44
430	[5855]	478	43
431	[932]	478	43
432	[5818]	478	43
433	[3533]	478	43
434	[5924]	477	43
435	[4910]	477	43
436	[1939]	477	43
437	[3015]	476	43
438	[6070]	476	43
439	[4122]	475	43
440	[3019]	475	43
441	[4519]	475	43
442	[88]	474	43
443	[2987]	474	43
444	[5050]	474	43
445	[3770]	474	43
446	[4625]	473	43
447	[8]	472	43
448	[839]	472	43
449	[498]	472	43
450	[1073]	472	43
451	[5024]	471	42
452	[1723]	471	42
453	[1218]	471	42
454	[5034]	471	42
455	[6144]	471	42
456	[1208]	471	42
457	[1153]	470	42
458	[1123]	470	42
459	[2619]	470	42
460	[2338]	470	42
461	[2168]	470	42
462	[5518]	469	42
463	[5690]	468	42
464	[4607]	468	42
465	[5048]	468	42
466	[2194]	467	42
467	[5996]	467	42
468	[2978]	467	42
469	[5232]	467	42
470	[1533]	466	42
471	[2363]	466	42
472	[5006]	466	42
473	[236]	466	42
474	[5839]	464	41
475	[4931]	464	41
476	[296]	464	41
477	[1529]	464	41
478	[3042]	463	41
479	[4403]	463	41
480	[6072]	463	41
481	[5915]	462	41
482	[3132]	462	41
483	[5827]	462	41
484	[4125]	461	41
485	[1629]	461	41
486	[1325]	461	41
487	[6175]	460	41
488	[123]	460	41
489	[60]	460	41
490	[6055]	459	41
491	[5930]	458	41
492	[423]	458	41
493	[4536]	458	41
494	[279]	457	40
495	[5822]	456	40
496	[1700]	454	40
497	[1311]	454	40
498	[604]	454	40
499	[771]	453	40
500	[66]	453	40
501	[3926]	453	40
502	[4740]	453	40
503	[6134]	453	40
504	[6171]	452	40
505	[5920]	451	40
506	[5679]	451	40
507	[5976]	450	39
508	[6032]	450	39
509	[781]	450	39
510	[5876]	449	39
511	[5417]	448	39
512	[6075]	447	39
513	[5987]	447	39
514	[1209]	447	39
515	[3135]	447	39
516	[3303]	446	39
517	[6016]	446	39
518	[3414]	445	39
519	[2220]	445	39
520	[955]	445	39
521	[3102]	445	39
522	[2733]	444	39
523	[4335]	443	38
524	[3656]	443	38
525	[4401]	442	38
526	[2907]	441	38
527	[5057]	440	38
528	[1405]	440	38
529	[3527]	439	38
530	[5243]	439	38
531	[538]	437	38
532	[4761]	436	37
533	[422]	436	37
534	[2080]	436	37
535	[6082]	436	37
536	[2283]	435	37
537	[4121]	434	37
538	[5940]	434	37
539	[1973]	433	37
540	[3965]	433	37
541	[5897]	432	37
542	[5912]	432	37
543	[2370]	431	37
544	[190]	431	37
545	[5892]	428	36
546	[3018]	427	36
547	[5846]	427	36
548	[3646]	426	36
549	[1729]	424	36
550	[3562]	423	36
551	[5899]	423	36
552	[3630]	422	35
553	[3961]	421	35
554	[5809]	419	35
555	[1156]	417	35
556	[5858]	414	34
557	[1622]	411	34
558	[4592]	411	34
559	[980]	410	34
560	[2848]	408	33
561	[3021]	408	33
562	[4828]	405	33
563	[3655]	405	33
564	[5422]	403	33
565	[5333]	401	32
566	[3786]	393	31
567	[4061]	392	31
568	[5332]	391	31
569	[5410]	384	30
570	[1868]	379	29
571	[1369]	377	29
572	[2102]	372	28
573	[11]	370	28
574	[4455]	358	26
575	[51]	346	25
576	[1143]	285	16
577	[2438]	264	13
578	[3824]	258	12
579	[5404]	258	12
580	[3735]	246	10
581	[6025]	246	10
582	[2761]	243	10
583	[3049]	237	9
584	[2405]	237	9
585	[3397]	234	9
586	[1769]	234	9
587	[5450]	222	7
588	[4547]	222	7
589	[5851]	219	6
590	[3288]	216	6
591	[5847]	216	6
592	[537]	210	5
593	[3560]	210	5
594	[5872]	207	5
595	[5870]	207	5
596	[5879]	207	5
597	[6034]	204	4
598	[4013]	198	3
599	[4301]	174	0
last update: Fri Apr 29 2016 23:21:51 GMT+0800 (HKT)