last update: Sat Apr 30 2016 23:47:51 GMT+0800 (HKT)

order	team	score	std
0	[973]	1015	100
1	[1718]	883	84
2	[2451]	865	82
3	[254]	861	82
4	[1519]	851	80
5	[195]	848	80
6	[2122]	840	79
7	[2590]	828	78
8	[694]	826	78
9	[2052]	816	76
10	[1241]	806	75
11	[1918]	794	74
12	[230]	788	73
13	[330]	782	72
14	[217]	781	72
15	[1678]	780	72
16	[3546]	778	72
17	[148]	778	72
18	[133]	773	71
19	[5172]	772	71
20	[3683]	768	71
21	[2481]	766	70
22	[3620]	763	70
23	[179]	756	69
24	[341]	753	69
25	[2056]	752	69
26	[4678]	746	68
27	[67]	743	68
28	[610]	742	68
29	[5460]	738	67
30	[1425]	733	66
31	[708]	732	66
32	[4564]	730	66
33	[2823]	730	66
34	[3476]	729	66
35	[294]	728	66
36	[1690]	727	66
37	[225]	727	66
38	[3538]	724	65
39	[5895]	724	65
40	[2137]	719	65
41	[1806]	718	65
42	[166]	715	64
43	[1731]	714	64
44	[971]	713	64
45	[1501]	711	64
46	[365]	708	63
47	[1024]	700	63
48	[3641]	697	62
49	[3357]	696	62
50	[27]	696	62
51	[876]	696	62
52	[868]	696	62
53	[118]	695	62
54	[525]	692	62
55	[85]	691	61
56	[2013]	685	61
57	[379]	685	61
58	[33]	684	61
59	[1619]	682	60
60	[3005]	680	60
61	[364]	679	60
62	[987]	679	60
63	[558]	679	60
64	[5406]	678	60
65	[2557]	677	60
66	[25]	677	60
67	[1323]	674	59
68	[16]	673	59
69	[910]	672	59
70	[639]	670	59
71	[1261]	669	59
72	[3339]	668	59
73	[4334]	665	58
74	[1305]	663	58
75	[3618]	661	58
76	[3937]	661	58
77	[2834]	659	58
78	[1257]	658	58
79	[494]	657	57
80	[3015]	656	57
81	[120]	654	57
82	[5150]	654	57
83	[4003]	651	57
84	[4001]	649	56
85	[3481]	649	56
86	[1986]	648	56
87	[4028]	647	56
88	[125]	643	56
89	[4561]	643	56
90	[5803]	642	56
91	[2767]	636	55
92	[360]	634	55
93	[175]	634	55
94	[4587]	632	54
95	[842]	631	54
96	[3238]	628	54
97	[1114]	628	54
98	[1089]	628	54
99	[4967]	625	54
100	[5546]	623	53
101	[2614]	623	53
102	[1756]	622	53
103	[4488]	622	53
104	[3990]	622	53
105	[1736]	621	53
106	[1418]	620	53
107	[1640]	619	53
108	[4451]	619	53
109	[346]	619	53
110	[359]	619	53
111	[2474]	619	53
112	[3314]	618	53
113	[319]	617	53
114	[2194]	617	53
115	[41]	616	53
116	[1538]	615	52
117	[2648]	614	52
118	[3284]	614	52
119	[1885]	614	52
120	[5813]	613	52
121	[2522]	613	52
122	[1197]	612	52
123	[5050]	610	52
124	[1023]	610	52
125	[3663]	609	52
126	[20]	608	52
127	[2637]	608	52
128	[4613]	608	52
129	[48]	606	51
130	[2471]	606	51
131	[3130]	605	51
132	[3044]	604	51
133	[2064]	602	51
134	[70]	602	51
135	[176]	600	51
136	[2485]	600	51
137	[4391]	599	51
138	[5448]	599	51
139	[2502]	599	51
140	[503]	599	51
141	[3478]	599	51
142	[122]	598	50
143	[5499]	597	50
144	[333]	596	50
145	[135]	596	50
146	[229]	596	50
147	[4103]	596	50
148	[3309]	595	50
149	[3539]	594	50
150	[1058]	594	50
151	[2035]	593	50
152	[1011]	591	50
153	[303]	590	49
154	[5114]	589	49
155	[1747]	589	49
156	[2054]	589	49
157	[686]	588	49
158	[3360]	587	49
159	[573]	586	49
160	[548]	586	49
161	[177]	586	49
162	[1768]	585	49
163	[172]	584	49
164	[869]	582	49
165	[1137]	582	49
166	[5663]	581	48
167	[231]	580	48
168	[4039]	580	48
169	[2046]	579	48
170	[2438]	578	48
171	[5254]	578	48
172	[2067]	578	48
173	[126]	577	48
174	[1625]	577	48
175	[1099]	576	48
176	[1684]	576	48
177	[2771]	575	48
178	[329]	575	48
179	[5437]	575	48
180	[78]	574	48
181	[228]	573	47
182	[4256]	573	47
183	[3419]	570	47
184	[1262]	570	47
185	[4253]	570	47
186	[2439]	570	47
187	[1712]	567	47
188	[3352]	567	47
189	[1143]	566	47
190	[2383]	566	47
191	[3574]	566	47
192	[1983]	566	47
193	[1662]	565	46
194	[4276]	565	46
195	[233]	564	46
196	[461]	564	46
197	[1987]	564	46
198	[193]	564	46
199	[1477]	564	46
200	[2783]	564	46
201	[245]	563	46
202	[1540]	563	46
203	[858]	562	46
204	[180]	562	46
205	[3534]	562	46
206	[2655]	561	46
207	[2393]	560	46
208	[5326]	560	46
209	[3042]	558	46
210	[207]	558	46
211	[3970]	558	46
212	[2147]	557	46
213	[4469]	557	46
214	[1676]	557	46
215	[1124]	556	45
216	[5166]	556	45
217	[74]	556	45
218	[4362]	556	45
219	[45]	555	45
220	[4085]	555	45
221	[3536]	555	45
222	[4242]	555	45
223	[1710]	555	45
224	[3847]	554	45
225	[2403]	553	45
226	[3245]	553	45
227	[3166]	552	45
228	[3824]	552	45
229	[321]	552	45
230	[5618]	551	45
231	[1481]	551	45
232	[2881]	550	45
233	[4122]	549	45
234	[2996]	548	44
235	[5907]	548	44
236	[4264]	548	44
237	[2586]	547	44
238	[263]	546	44
239	[57]	546	44
240	[6153]	546	44
241	[2486]	546	44
242	[3504]	545	44
243	[904]	545	44
244	[3310]	545	44
245	[3098]	545	44
246	[5878]	545	44
247	[4009]	545	44
248	[834]	545	44
249	[1391]	544	44
250	[272]	543	44
251	[2175]	543	44
252	[870]	543	44
253	[1250]	543	44
254	[295]	543	44
255	[1675]	542	44
256	[1746]	541	44
257	[1086]	541	44
258	[4468]	541	44
259	[3932]	540	44
260	[1306]	539	43
261	[5801]	539	43
262	[2338]	539	43
263	[384]	538	43
264	[4063]	538	43
265	[4384]	537	43
266	[4550]	537	43
267	[4329]	537	43
268	[2883]	537	43
269	[5472]	536	43
270	[5167]	536	43
271	[5048]	536	43
272	[6098]	536	43
273	[191]	535	43
274	[6167]	535	43
275	[2990]	535	43
276	[4241]	535	43
277	[999]	535	43
278	[2974]	535	43
279	[3452]	534	43
280	[5914]	532	43
281	[5933]	531	42
282	[2619]	531	42
283	[1796]	531	42
284	[4131]	531	42
285	[111]	530	42
286	[6166]	530	42
287	[1153]	530	42
288	[4499]	529	42
289	[3604]	529	42
290	[5832]	527	42
291	[4920]	527	42
292	[1730]	527	42
293	[123]	527	42
294	[2987]	527	42
295	[4060]	527	42
296	[1533]	527	42
297	[2081]	526	42
298	[3234]	526	42
299	[401]	526	42
300	[1310]	526	42
301	[4905]	526	42
302	[6086]	525	42
303	[2468]	525	42
304	[2445]	525	42
305	[5016]	525	42
306	[2337]	524	42
307	[6025]	524	42
308	[5199]	523	41
309	[2846]	523	41
310	[1065]	523	41
311	[4911]	521	41
312	[1836]	521	41
313	[5518]	520	41
314	[5913]	520	41
315	[5279]	519	41
316	[5818]	519	41
317	[3147]	518	41
318	[4525]	518	41
319	[60]	518	41
320	[4180]	518	41
321	[4290]	517	41
322	[1318]	517	41
323	[1258]	516	41
324	[181]	516	41
325	[5124]	516	41
326	[3770]	516	41
327	[2363]	516	41
328	[1559]	515	41
329	[5980]	515	41
330	[5842]	515	41
331	[3602]	515	41
332	[2415]	515	41
333	[3688]	515	41
334	[4183]	515	41
335	[4377]	514	40
336	[3128]	514	40
337	[5851]	514	40
338	[6221]	514	40
339	[3211]	513	40
340	[5030]	513	40
341	[4330]	513	40
342	[4216]	512	40
343	[6035]	512	40
344	[2733]	512	40
345	[107]	512	40
346	[423]	512	40
347	[5039]	511	40
348	[1296]	511	40
349	[5098]	510	40
350	[6144]	509	40
351	[1529]	508	40
352	[5830]	507	40
353	[5712]	507	40
354	[1511]	507	40
355	[1775]	507	40
356	[4146]	507	40
357	[5624]	506	39
358	[5404]	506	39
359	[1769]	505	39
360	[6171]	505	39
361	[68]	505	39
362	[4010]	504	39
363	[5872]	503	39
364	[287]	503	39
365	[3637]	503	39
366	[1701]	503	39
367	[1126]	502	39
368	[5891]	501	39
369	[1648]	500	39
370	[5450]	500	39
371	[5505]	500	39
372	[2168]	500	39
373	[2980]	500	39
374	[2634]	500	39
375	[3039]	500	39
376	[5920]	499	39
377	[4930]	499	39
378	[2642]	499	39
379	[5439]	499	39
380	[4534]	498	39
381	[3506]	498	39
382	[2638]	498	39
383	[1764]	498	39
384	[3260]	498	39
385	[5837]	497	38
386	[1339]	497	38
387	[1723]	497	38
388	[4646]	497	38
389	[6175]	497	38
390	[4405]	496	38
391	[5910]	496	38
392	[5006]	496	38
393	[836]	496	38
394	[5431]	496	38
395	[4519]	495	38
396	[5677]	495	38
397	[2848]	494	38
398	[4403]	494	38
399	[141]	494	38
400	[279]	494	38
401	[3930]	493	38
402	[3397]	493	38
403	[103]	493	38
404	[5924]	493	38
405	[2341]	492	38
406	[5996]	492	38
407	[3853]	492	38
408	[1671]	492	38
409	[812]	492	38
410	[5804]	491	38
411	[2978]	491	38
412	[1510]	490	38
413	[4159]	490	38
414	[5816]	489	37
415	[5900]	489	37
416	[5726]	489	37
417	[1325]	489	37
418	[4536]	489	37
419	[3880]	488	37
420	[3656]	488	37
421	[339]	488	37
422	[6193]	487	37
423	[5811]	487	37
424	[5885]	487	37
425	[4188]	487	37
426	[4450]	487	37
427	[3490]	487	37
428	[5053]	487	37
429	[4945]	486	37
430	[188]	486	37
431	[1389]	486	37
432	[5401]	486	37
433	[6219]	486	37
434	[8]	486	37
435	[5926]	486	37
436	[498]	485	37
437	[6134]	483	37
438	[4931]	483	37
439	[6220]	483	37
440	[4508]	483	37
441	[5686]	483	37
442	[2935]	482	37
443	[1311]	482	37
444	[4087]	482	37
445	[771]	481	37
446	[670]	481	37
447	[3019]	481	37
448	[3230]	481	37
449	[597]	480	36
450	[4547]	480	36
451	[5854]	480	36
452	[1923]	479	36
453	[3414]	479	36
454	[5817]	479	36
455	[5822]	478	36
456	[5839]	478	36
457	[746]	478	36
458	[3324]	478	36
459	[3135]	477	36
460	[2526]	477	36
461	[1902]	477	36
462	[1208]	477	36
463	[1732]	476	36
464	[4026]	475	36
465	[2202]	475	36
466	[6012]	475	36
467	[5274]	475	36
468	[3018]	475	36
469	[422]	474	36
470	[3132]	474	36
471	[5976]	472	35
472	[5930]	472	35
473	[6032]	472	35
474	[540]	472	35
475	[4125]	471	35
476	[236]	471	35
477	[4607]	471	35
478	[2761]	471	35
479	[4625]	470	35
480	[190]	469	35
481	[4061]	468	35
482	[5805]	468	35
483	[4740]	468	35
484	[1218]	468	35
485	[5855]	468	35
486	[623]	467	35
487	[5232]	467	35
488	[5034]	466	35
489	[1991]	466	35
490	[4590]	466	35
491	[4744]	466	35
492	[5846]	465	35
493	[3102]	465	35
494	[5084]	464	34
495	[6075]	463	34
496	[3925]	462	34
497	[5690]	462	34
498	[2405]	461	34
499	[88]	461	34
500	[5679]	461	34
501	[3533]	460	34
502	[4135]	460	34
503	[6070]	460	34
504	[1860]	459	34
505	[4761]	459	34
506	[6055]	459	34
507	[3158]	459	34
508	[5858]	459	34
509	[955]	458	34
510	[5572]	458	34
511	[1159]	456	34
512	[5410]	456	34
513	[604]	454	33
514	[1073]	454	33
515	[932]	453	33
516	[3374]	453	33
517	[5870]	453	33
518	[5012]	453	33
519	[4013]	452	33
520	[1629]	452	33
521	[5834]	452	33
522	[2212]	451	33
523	[5024]	451	33
524	[1665]	451	33
525	[3926]	450	33
526	[839]	450	33
527	[5417]	449	33
528	[5827]	448	33
529	[5332]	447	32
530	[5915]	447	32
531	[1939]	447	32
532	[66]	446	32
533	[6016]	446	32
534	[1123]	446	32
535	[5454]	446	32
536	[2220]	445	32
537	[2370]	445	32
538	[3049]	444	32
539	[5422]	444	32
540	[5057]	443	32
541	[538]	443	32
542	[2907]	443	32
543	[1209]	443	32
544	[5847]	442	32
545	[537]	442	32
546	[1700]	442	32
547	[2102]	442	32
548	[5987]	441	32
549	[3735]	441	32
550	[3303]	441	32
551	[6082]	440	32
552	[3646]	440	32
553	[1405]	440	32
554	[296]	439	32
555	[3630]	438	31
556	[3961]	437	31
557	[4910]	436	31
558	[3600]	436	31
559	[1156]	435	31
560	[5940]	434	31
561	[5333]	433	31
562	[2283]	433	31
563	[11]	432	31
564	[5912]	431	31
565	[5876]	431	31
566	[6072]	430	30
567	[3389]	429	30
568	[781]	429	30
569	[4828]	428	30
570	[5243]	428	30
571	[1973]	427	30
572	[3021]	427	30
573	[3655]	425	30
574	[3965]	425	30
575	[980]	424	30
576	[3527]	424	30
577	[3562]	423	30
578	[5897]	423	30
579	[4121]	420	29
580	[1868]	419	29
581	[5892]	419	29
582	[433]	415	29
583	[4401]	415	29
584	[1729]	413	28
585	[4335]	413	28
586	[5879]	413	28
587	[3786]	411	28
588	[1622]	408	28
589	[4592]	407	28
590	[5899]	405	27
591	[3288]	404	27
592	[51]	400	27
593	[5809]	398	27
594	[6034]	392	26
595	[2080]	371	23
596	[1369]	368	23
597	[4455]	358	22
598	[3560]	210	4
599	[4301]	174	0
last update: Sat Apr 30 2016 23:47:51 GMT+0800 (HKT)