last update: Sat Apr 30 2016 14:41:25 GMT+0800 (HKT)

order	team	score	std
0	[973]	855	100
1	[2451]	785	90
2	[195]	754	85
3	[254]	753	85
4	[1519]	752	85
5	[230]	745	84
6	[133]	729	81
7	[2823]	720	80
8	[5172]	714	79
9	[1241]	710	79
10	[3620]	707	78
11	[148]	702	78
12	[27]	702	78
13	[971]	699	77
14	[118]	695	77
15	[1678]	692	76
16	[179]	687	75
17	[1024]	686	75
18	[166]	673	73
19	[16]	673	73
20	[1690]	667	72
21	[1806]	666	72
22	[217]	663	72
23	[708]	662	72
24	[2056]	662	72
25	[610]	658	71
26	[1425]	658	71
27	[294]	654	70
28	[67]	651	70
29	[1918]	651	70
30	[3538]	650	70
31	[868]	650	70
32	[225]	649	70
33	[1731]	644	69
34	[33]	644	69
35	[694]	643	69
36	[4561]	643	69
37	[4678]	640	68
38	[4564]	640	68
39	[3641]	639	68
40	[2767]	636	68
41	[360]	634	68
42	[2122]	633	67
43	[1718]	633	67
44	[4587]	632	67
45	[4334]	631	67
46	[842]	631	67
47	[3314]	630	67
48	[5460]	628	67
49	[1114]	628	67
50	[3238]	628	67
51	[1305]	627	67
52	[330]	626	66
53	[3683]	625	66
54	[4103]	623	66
55	[5546]	623	66
56	[2614]	623	66
57	[2834]	623	66
58	[5895]	622	66
59	[1501]	621	66
60	[1736]	621	66
61	[125]	621	66
62	[558]	621	66
63	[5150]	620	65
64	[1418]	620	65
65	[4451]	619	65
66	[41]	616	65
67	[1538]	615	65
68	[1885]	614	65
69	[1323]	614	65
70	[3284]	614	65
71	[2522]	613	64
72	[5813]	613	64
73	[876]	610	64
74	[4488]	610	64
75	[25]	609	64
76	[2137]	609	64
77	[359]	609	64
78	[2590]	609	64
79	[3618]	609	64
80	[2013]	609	64
81	[3663]	609	64
82	[2637]	608	64
83	[4613]	608	64
84	[20]	608	64
85	[2052]	607	64
86	[2471]	606	63
87	[48]	606	63
88	[3130]	605	63
89	[3476]	605	63
90	[3044]	604	63
91	[2481]	602	63
92	[70]	602	63
93	[2485]	600	63
94	[4391]	599	62
95	[3478]	599	62
96	[1747]	598	62
97	[4001]	598	62
98	[5406]	598	62
99	[122]	598	62
100	[5499]	597	62
101	[3990]	596	62
102	[229]	596	62
103	[346]	595	62
104	[3309]	595	62
105	[1058]	594	62
106	[2557]	593	62
107	[2035]	593	62
108	[494]	591	61
109	[1768]	591	61
110	[176]	591	61
111	[303]	590	61
112	[5114]	589	61
113	[2054]	589	61
114	[1640]	589	61
115	[686]	588	61
116	[910]	588	61
117	[3360]	587	61
118	[177]	586	60
119	[573]	586	60
120	[548]	586	60
121	[4967]	585	60
122	[172]	584	60
123	[869]	582	60
124	[1619]	582	60
125	[175]	582	60
126	[1137]	582	60
127	[5663]	581	60
128	[231]	580	60
129	[2046]	579	59
130	[1261]	579	59
131	[2438]	578	59
132	[2067]	578	59
133	[3937]	577	59
134	[126]	577	59
135	[365]	576	59
136	[1684]	576	59
137	[1099]	576	59
138	[329]	575	59
139	[2771]	575	59
140	[319]	575	59
141	[5437]	575	59
142	[78]	574	59
143	[85]	573	59
144	[4256]	573	59
145	[228]	573	59
146	[3357]	572	58
147	[1540]	572	58
148	[1262]	570	58
149	[525]	570	58
150	[2439]	570	58
151	[4253]	570	58
152	[3005]	570	58
153	[1023]	569	58
154	[1712]	567	58
155	[3352]	567	58
156	[3574]	566	58
157	[1143]	566	58
158	[1983]	566	58
159	[3539]	566	58
160	[4276]	565	57
161	[5448]	565	57
162	[987]	565	57
163	[461]	564	57
164	[2648]	564	57
165	[1477]	564	57
166	[2783]	564	57
167	[2064]	564	57
168	[1987]	564	57
169	[245]	563	57
170	[858]	562	57
171	[639]	562	57
172	[3534]	562	57
173	[379]	561	57
174	[4028]	561	57
175	[4003]	561	57
176	[2655]	561	57
177	[5326]	560	57
178	[2393]	560	57
179	[1011]	559	57
180	[3970]	558	56
181	[207]	558	56
182	[4469]	557	56
183	[1676]	557	56
184	[2474]	557	56
185	[364]	557	56
186	[2147]	557	56
187	[1124]	556	56
188	[5166]	556	56
189	[74]	556	56
190	[4362]	556	56
191	[45]	555	56
192	[1710]	555	56
193	[4242]	555	56
194	[3536]	555	56
195	[4085]	555	56
196	[3847]	554	56
197	[3245]	553	56
198	[2403]	553	56
199	[3824]	552	56
200	[321]	552	56
201	[5618]	551	55
202	[1481]	551	55
203	[1089]	550	55
204	[2881]	550	55
205	[4122]	549	55
206	[5907]	548	55
207	[2996]	548	55
208	[4264]	548	55
209	[3339]	548	55
210	[2586]	547	55
211	[1310]	547	55
212	[263]	546	55
213	[6153]	546	55
214	[2486]	546	55
215	[1257]	546	55
216	[57]	546	55
217	[834]	545	54
218	[5878]	545	54
219	[3310]	545	54
220	[3504]	545	54
221	[904]	545	54
222	[333]	545	54
223	[3098]	545	54
224	[1391]	544	54
225	[272]	543	54
226	[2175]	543	54
227	[2194]	543	54
228	[870]	543	54
229	[1250]	543	54
230	[295]	543	54
231	[1986]	542	54
232	[1675]	542	54
233	[4468]	541	54
234	[1086]	541	54
235	[1746]	541	54
236	[3481]	541	54
237	[1756]	540	54
238	[3932]	540	54
239	[180]	540	54
240	[1306]	539	54
241	[5801]	539	54
242	[384]	538	53
243	[4063]	538	53
244	[1318]	538	53
245	[2883]	537	53
246	[4550]	537	53
247	[4384]	537	53
248	[5167]	536	53
249	[6098]	536	53
250	[5048]	536	53
251	[5472]	536	53
252	[2974]	535	53
253	[6167]	535	53
254	[2990]	535	53
255	[191]	535	53
256	[4241]	535	53
257	[503]	535	53
258	[3166]	534	53
259	[3452]	534	53
260	[5254]	532	53
261	[5914]	532	53
262	[5933]	531	52
263	[4131]	531	52
264	[1796]	531	52
265	[2619]	531	52
266	[111]	530	52
267	[6166]	530	52
268	[1153]	530	52
269	[4039]	530	52
270	[3604]	529	52
271	[4499]	529	52
272	[123]	527	52
273	[1533]	527	52
274	[4920]	527	52
275	[4060]	527	52
276	[999]	527	52
277	[2987]	527	52
278	[1730]	527	52
279	[5832]	527	52
280	[4905]	526	52
281	[401]	526	52
282	[2081]	526	52
283	[3234]	526	52
284	[2445]	525	52
285	[2468]	525	52
286	[5016]	525	52
287	[6086]	525	52
288	[2502]	525	52
289	[6025]	524	51
290	[135]	524	51
291	[2337]	524	51
292	[3546]	524	51
293	[2846]	523	51
294	[1065]	523	51
295	[5199]	523	51
296	[341]	521	51
297	[1836]	521	51
298	[4911]	521	51
299	[193]	520	51
300	[5518]	520	51
301	[5913]	520	51
302	[5818]	519	51
303	[5279]	519	51
304	[4525]	518	51
305	[60]	518	51
306	[4180]	518	51
307	[3419]	518	51
308	[3147]	518	51
309	[4290]	517	50
310	[1258]	516	50
311	[2363]	516	50
312	[3770]	516	50
313	[5124]	516	50
314	[181]	516	50
315	[3042]	516	50
316	[5980]	515	50
317	[1559]	515	50
318	[4183]	515	50
319	[3688]	515	50
320	[5842]	515	50
321	[3602]	515	50
322	[3128]	514	50
323	[233]	514	50
324	[4377]	514	50
325	[6221]	514	50
326	[5851]	514	50
327	[5030]	513	50
328	[4330]	513	50
329	[423]	512	50
330	[3015]	512	50
331	[2733]	512	50
332	[6035]	512	50
333	[4216]	512	50
334	[107]	512	50
335	[1296]	511	49
336	[5039]	511	49
337	[1625]	511	49
338	[5098]	510	49
339	[6144]	509	49
340	[1529]	508	49
341	[1775]	507	49
342	[1511]	507	49
343	[4146]	507	49
344	[5830]	507	49
345	[5712]	507	49
346	[5624]	506	49
347	[5404]	506	49
348	[68]	505	49
349	[6171]	505	49
350	[1769]	505	49
351	[4010]	504	48
352	[1701]	503	48
353	[3637]	503	48
354	[5872]	503	48
355	[1126]	502	48
356	[5891]	501	48
357	[1648]	500	48
358	[3039]	500	48
359	[5505]	500	48
360	[2980]	500	48
361	[2168]	500	48
362	[2634]	500	48
363	[5450]	500	48
364	[5920]	499	48
365	[2642]	499	48
366	[5439]	499	48
367	[4930]	499	48
368	[4534]	498	48
369	[1764]	498	48
370	[3260]	498	48
371	[2638]	498	48
372	[3506]	498	48
373	[4646]	497	47
374	[6175]	497	47
375	[1723]	497	47
376	[1339]	497	47
377	[5837]	497	47
378	[836]	496	47
379	[5006]	496	47
380	[5431]	496	47
381	[4405]	496	47
382	[5910]	496	47
383	[4519]	495	47
384	[2415]	495	47
385	[5677]	495	47
386	[279]	494	47
387	[141]	494	47
388	[4403]	494	47
389	[103]	493	47
390	[3397]	493	47
391	[3930]	493	47
392	[5924]	493	47
393	[812]	492	47
394	[5996]	492	47
395	[1671]	492	47
396	[3853]	492	47
397	[2341]	492	47
398	[5804]	491	47
399	[2978]	491	47
400	[5050]	490	46
401	[4159]	490	46
402	[1510]	490	46
403	[5726]	489	46
404	[1662]	489	46
405	[4536]	489	46
406	[5816]	489	46
407	[1325]	489	46
408	[5900]	489	46
409	[3656]	488	46
410	[3880]	488	46
411	[339]	488	46
412	[5885]	487	46
413	[4009]	487	46
414	[5811]	487	46
415	[4188]	487	46
416	[6193]	487	46
417	[4450]	487	46
418	[3211]	487	46
419	[5053]	487	46
420	[3490]	487	46
421	[5401]	486	46
422	[188]	486	46
423	[5926]	486	46
424	[6219]	486	46
425	[4945]	486	46
426	[8]	486	46
427	[1389]	486	46
428	[498]	485	46
429	[2338]	485	46
430	[120]	484	46
431	[4508]	483	45
432	[4931]	483	45
433	[6220]	483	45
434	[5686]	483	45
435	[6134]	483	45
436	[4087]	482	45
437	[1311]	482	45
438	[2935]	482	45
439	[3019]	481	45
440	[3230]	481	45
441	[670]	481	45
442	[771]	481	45
443	[5854]	480	45
444	[597]	480	45
445	[4547]	480	45
446	[1923]	479	45
447	[3414]	479	45
448	[5817]	479	45
449	[746]	478	45
450	[5839]	478	45
451	[5822]	478	45
452	[3324]	478	45
453	[2526]	477	44
454	[1208]	477	44
455	[3135]	477	44
456	[1902]	477	44
457	[1732]	476	44
458	[5274]	475	44
459	[6012]	475	44
460	[2202]	475	44
461	[3018]	475	44
462	[4026]	475	44
463	[4329]	475	44
464	[5803]	474	44
465	[3132]	474	44
466	[422]	474	44
467	[6032]	472	44
468	[5976]	472	44
469	[5930]	472	44
470	[540]	472	44
471	[4607]	471	44
472	[4125]	471	44
473	[236]	471	44
474	[2761]	471	44
475	[4625]	470	43
476	[190]	469	43
477	[287]	469	43
478	[4740]	468	43
479	[5805]	468	43
480	[4061]	468	43
481	[5855]	468	43
482	[1218]	468	43
483	[623]	467	43
484	[5232]	467	43
485	[5034]	466	43
486	[1991]	466	43
487	[4744]	466	43
488	[4590]	466	43
489	[3102]	465	43
490	[5846]	465	43
491	[5084]	464	43
492	[6075]	463	42
493	[5690]	462	42
494	[3925]	462	42
495	[2405]	461	42
496	[5679]	461	42
497	[88]	461	42
498	[3533]	460	42
499	[6070]	460	42
500	[4135]	460	42
501	[5858]	459	42
502	[3158]	459	42
503	[4761]	459	42
504	[1860]	459	42
505	[6055]	459	42
506	[955]	458	42
507	[5572]	458	42
508	[2383]	458	42
509	[1159]	456	41
510	[5410]	456	41
511	[1073]	454	41
512	[604]	454	41
513	[3374]	453	41
514	[932]	453	41
515	[5870]	453	41
516	[5012]	453	41
517	[5834]	452	41
518	[1629]	452	41
519	[4013]	452	41
520	[1665]	451	41
521	[2212]	451	41
522	[5024]	451	41
523	[3926]	450	41
524	[839]	450	41
525	[5417]	449	40
526	[5827]	448	40
527	[1197]	448	40
528	[1939]	447	40
529	[5332]	447	40
530	[5915]	447	40
531	[6016]	446	40
532	[66]	446	40
533	[5454]	446	40
534	[1123]	446	40
535	[2370]	445	40
536	[2220]	445	40
537	[3049]	444	40
538	[5422]	444	40
539	[538]	443	40
540	[2907]	443	40
541	[5057]	443	40
542	[1209]	443	40
543	[1700]	442	39
544	[5847]	442	39
545	[2102]	442	39
546	[537]	442	39
547	[5987]	441	39
548	[3735]	441	39
549	[3303]	441	39
550	[1405]	440	39
551	[3646]	440	39
552	[6082]	440	39
553	[296]	439	39
554	[3630]	438	39
555	[3961]	437	39
556	[3600]	436	38
557	[4910]	436	38
558	[1156]	435	38
559	[5940]	434	38
560	[2283]	433	38
561	[5333]	433	38
562	[2848]	432	38
563	[11]	432	38
564	[5912]	431	38
565	[5876]	431	38
566	[6072]	430	38
567	[3389]	429	37
568	[781]	429	37
569	[4828]	428	37
570	[5243]	428	37
571	[3021]	427	37
572	[1973]	427	37
573	[3965]	425	37
574	[3655]	425	37
575	[980]	424	37
576	[3527]	424	37
577	[5897]	423	37
578	[3562]	423	37
579	[4121]	420	36
580	[1868]	419	36
581	[5892]	419	36
582	[4401]	415	35
583	[433]	415	35
584	[5879]	413	35
585	[1729]	413	35
586	[4335]	413	35
587	[3786]	411	35
588	[1622]	408	34
589	[4592]	407	34
590	[5899]	405	34
591	[3288]	404	34
592	[51]	400	33
593	[5809]	398	33
594	[6034]	392	32
595	[2080]	371	29
596	[1369]	368	28
597	[4455]	358	27
598	[3560]	210	5
599	[4301]	174	0
last update: Sat Apr 30 2016 14:41:25 GMT+0800 (HKT)