last update: Sat Apr 30 2016 03:26:36 GMT+0800 (HKT)

order	team	score	std
0	[1241]	865	100
1	[67]	825	94
2	[195]	820	93
3	[973]	810	92
4	[2451]	785	88
5	[1519]	752	84
6	[254]	741	82
7	[27]	730	80
8	[133]	729	80
9	[118]	728	80
10	[230]	721	79
11	[3620]	716	78
12	[5172]	711	78
13	[2823]	705	77
14	[148]	702	76
15	[971]	699	76
16	[987]	695	75
17	[166]	694	75
18	[16]	688	74
19	[225]	678	73
20	[4003]	675	73
21	[1024]	670	72
22	[2035]	665	71
23	[1806]	665	71
24	[2056]	662	71
25	[3314]	659	70
26	[3641]	657	70
27	[48]	654	69
28	[5546]	650	69
29	[610]	649	69
30	[294]	648	69
31	[360]	646	68
32	[2767]	645	68
33	[708]	644	68
34	[1425]	644	68
35	[1678]	642	68
36	[1918]	642	68
37	[1690]	641	68
38	[2614]	640	67
39	[217]	639	67
40	[876]	637	67
41	[333]	635	67
42	[4564]	635	67
43	[868]	634	67
44	[1731]	630	66
45	[2052]	627	66
46	[1736]	627	66
47	[1538]	627	66
48	[3683]	625	65
49	[1418]	623	65
50	[122]	622	65
51	[4678]	620	65
52	[3357]	620	65
53	[3990]	620	65
54	[558]	618	64
55	[2471]	618	64
56	[245]	617	64
57	[2393]	617	64
58	[1323]	617	64
59	[330]	616	64
60	[1885]	614	64
61	[5150]	614	64
62	[2485]	614	64
63	[3663]	613	64
64	[3309]	613	64
65	[126]	613	64
66	[1114]	612	63
67	[2996]	611	63
68	[1305]	611	63
69	[2557]	611	63
70	[5663]	610	63
71	[2054]	610	63
72	[33]	608	63
73	[2637]	608	63
74	[20]	608	63
75	[5895]	606	63
76	[3238]	605	62
77	[842]	605	62
78	[3130]	605	62
79	[4561]	605	62
80	[4587]	604	62
81	[2137]	603	62
82	[2122]	601	62
83	[1747]	601	62
84	[910]	600	62
85	[125]	599	62
86	[2403]	598	61
87	[2013]	597	61
88	[1718]	597	61
89	[4391]	597	61
90	[4451]	597	61
91	[41]	596	61
92	[3044]	596	61
93	[3937]	595	61
94	[548]	595	61
95	[3618]	594	61
96	[229]	594	61
97	[172]	593	61
98	[359]	593	61
99	[1501]	593	61
100	[3538]	593	61
101	[5499]	593	61
102	[70]	592	60
103	[25]	591	60
104	[2834]	591	60
105	[319]	590	60
106	[2590]	589	60
107	[1011]	589	60
108	[5460]	589	60
109	[346]	589	60
110	[694]	588	60
111	[5406]	588	60
112	[2481]	588	60
113	[1306]	586	60
114	[177]	586	60
115	[4967]	585	59
116	[4103]	584	59
117	[1058]	584	59
118	[303]	584	59
119	[2175]	582	59
120	[2046]	582	59
121	[1559]	581	59
122	[231]	580	59
123	[5114]	580	59
124	[4242]	580	59
125	[3476]	579	59
126	[869]	579	59
127	[5813]	579	59
128	[2147]	578	58
129	[1769]	578	58
130	[1987]	577	58
131	[858]	577	58
132	[228]	576	58
133	[461]	576	58
134	[1261]	576	58
135	[175]	575	58
136	[4488]	575	58
137	[179]	575	58
138	[85]	575	58
139	[2522]	575	58
140	[494]	574	58
141	[6167]	574	58
142	[1640]	571	57
143	[4256]	571	57
144	[4613]	570	57
145	[1477]	570	57
146	[4264]	569	57
147	[4469]	569	57
148	[1481]	569	57
149	[1099]	569	57
150	[1768]	569	57
151	[3310]	569	57
152	[1625]	568	57
153	[2502]	568	57
154	[2771]	566	57
155	[78]	566	57
156	[3245]	565	57
157	[1712]	565	57
158	[1124]	565	57
159	[2783]	564	56
160	[5891]	564	56
161	[573]	564	56
162	[2439]	562	56
163	[4241]	562	56
164	[4911]	562	56
165	[1746]	562	56
166	[904]	562	56
167	[3478]	561	56
168	[5166]	561	56
169	[45]	561	56
170	[5907]	561	56
171	[2445]	561	56
172	[1684]	559	56
173	[329]	557	55
174	[3098]	557	55
175	[1676]	557	55
176	[1391]	556	55
177	[2648]	556	55
178	[4085]	556	55
179	[2846]	556	55
180	[2486]	556	55
181	[639]	556	55
182	[364]	555	55
183	[2883]	555	55
184	[1511]	555	55
185	[365]	554	55
186	[3539]	554	55
187	[3339]	554	55
188	[3419]	553	55
189	[379]	553	55
190	[4028]	553	55
191	[5448]	553	55
192	[4039]	553	55
193	[3536]	552	55
194	[5437]	551	55
195	[3504]	551	55
196	[5618]	551	55
197	[2067]	550	54
198	[2881]	550	54
199	[272]	549	54
200	[1023]	549	54
201	[3039]	548	54
202	[3284]	548	54
203	[1089]	547	54
204	[5914]	547	54
205	[57]	546	54
206	[4920]	546	54
207	[525]	546	54
208	[4146]	546	54
209	[1540]	546	54
210	[1710]	545	54
211	[3452]	545	54
212	[834]	545	54
213	[4525]	545	54
214	[191]	544	54
215	[4001]	544	54
216	[4377]	544	54
217	[3166]	544	54
218	[4063]	543	53
219	[2468]	543	53
220	[5016]	543	53
221	[321]	542	53
222	[2081]	542	53
223	[5167]	542	53
224	[1318]	541	53
225	[3481]	541	53
226	[3234]	541	53
227	[180]	540	53
228	[4334]	540	53
229	[1619]	540	53
230	[1137]	539	53
231	[1983]	539	53
232	[1250]	539	53
233	[2064]	538	53
234	[193]	538	53
235	[1764]	537	53
236	[5677]	537	53
237	[3352]	537	53
238	[5472]	536	52
239	[999]	536	52
240	[503]	535	52
241	[4010]	534	52
242	[5048]	534	52
243	[4468]	533	52
244	[2438]	532	52
245	[4330]	532	52
246	[1310]	532	52
247	[3970]	532	52
248	[5326]	532	52
249	[4276]	532	52
250	[2990]	531	52
251	[4550]	531	52
252	[3360]	531	52
253	[3932]	531	52
254	[1796]	531	52
255	[5254]	530	52
256	[1923]	530	52
257	[111]	530	52
258	[5933]	529	51
259	[1262]	529	51
260	[3604]	529	51
261	[233]	529	51
262	[1986]	528	51
263	[1257]	528	51
264	[3600]	527	51
265	[6144]	527	51
266	[5832]	527	51
267	[2474]	527	51
268	[3637]	526	51
269	[2341]	526	51
270	[6035]	525	51
271	[5279]	525	51
272	[6220]	525	51
273	[5872]	525	51
274	[3546]	524	51
275	[74]	524	51
276	[5030]	523	51
277	[1065]	523	51
278	[141]	522	50
279	[5842]	521	50
280	[4122]	521	50
281	[6166]	521	50
282	[4384]	520	50
283	[4499]	520	50
284	[5039]	520	50
285	[401]	519	50
286	[870]	519	50
287	[5624]	518	50
288	[2638]	518	50
289	[2980]	518	50
290	[3147]	518	50
291	[4180]	518	50
292	[1671]	517	50
293	[1675]	517	50
294	[5851]	517	50
295	[2586]	516	49
296	[5801]	516	49
297	[5913]	515	49
298	[1836]	515	49
299	[5878]	515	49
300	[4362]	515	49
301	[2974]	515	49
302	[120]	514	49
303	[3925]	514	49
304	[3128]	514	49
305	[295]	514	49
306	[3534]	514	49
307	[341]	513	49
308	[5098]	513	49
309	[2978]	513	49
310	[812]	513	49
311	[6171]	512	49
312	[207]	512	49
313	[1902]	512	49
314	[1086]	512	49
315	[746]	511	49
316	[2212]	511	49
317	[263]	511	49
318	[6086]	511	49
319	[1296]	511	49
320	[5816]	510	49
321	[1756]	510	49
322	[4131]	509	48
323	[2194]	509	48
324	[103]	508	48
325	[3211]	508	48
326	[5401]	508	48
327	[5926]	507	48
328	[5726]	507	48
329	[686]	507	48
330	[5830]	507	48
331	[1153]	506	48
332	[4253]	506	48
333	[5712]	505	48
334	[5996]	505	48
335	[1665]	505	48
336	[5811]	505	48
337	[176]	504	48
338	[6153]	504	48
339	[1339]	504	48
340	[3847]	504	48
341	[2642]	504	48
342	[6193]	504	48
343	[5505]	503	48
344	[3324]	503	48
345	[4930]	502	47
346	[3770]	502	47
347	[1258]	502	47
348	[4216]	501	47
349	[4519]	501	47
350	[597]	501	47
351	[4534]	500	47
352	[4087]	500	47
353	[2337]	500	47
354	[3574]	500	47
355	[2619]	500	47
356	[498]	500	47
357	[5199]	499	47
358	[6221]	499	47
359	[5439]	498	47
360	[5900]	498	47
361	[3824]	498	47
362	[3688]	497	47
363	[4646]	497	47
364	[1648]	497	47
365	[5518]	497	47
366	[6219]	497	47
367	[5837]	497	47
368	[3397]	496	47
369	[1510]	496	47
370	[1126]	496	47
371	[5854]	496	47
372	[423]	496	47
373	[135]	496	47
374	[4547]	496	47
375	[5124]	496	47
376	[836]	496	47
377	[5980]	495	46
378	[1730]	495	46
379	[6012]	495	46
380	[3930]	495	46
381	[3005]	495	46
382	[4590]	494	46
383	[5686]	494	46
384	[3853]	494	46
385	[4188]	493	46
386	[4135]	493	46
387	[1325]	493	46
388	[2634]	492	46
389	[107]	492	46
390	[1991]	492	46
391	[4536]	492	46
392	[4945]	492	46
393	[3260]	492	46
394	[4405]	491	46
395	[5012]	490	46
396	[4905]	490	46
397	[5818]	490	46
398	[4159]	490	46
399	[3602]	489	46
400	[2415]	489	46
401	[1701]	489	46
402	[1662]	489	46
403	[181]	488	45
404	[2338]	488	45
405	[670]	487	45
406	[4290]	487	45
407	[4183]	487	45
408	[3506]	486	45
409	[5431]	486	45
410	[2987]	486	45
411	[2655]	486	45
412	[5804]	485	45
413	[3042]	485	45
414	[1775]	485	45
415	[2761]	485	45
416	[2526]	485	45
417	[188]	484	45
418	[2363]	484	45
419	[3880]	484	45
420	[6134]	483	45
421	[3158]	483	45
422	[68]	483	45
423	[5910]	482	45
424	[1732]	482	45
425	[4009]	481	44
426	[6075]	481	44
427	[4329]	481	44
428	[339]	481	44
429	[6098]	480	44
430	[3374]	480	44
431	[384]	480	44
432	[1723]	479	44
433	[2405]	479	44
434	[5679]	479	44
435	[4508]	478	44
436	[2935]	478	44
437	[4910]	477	44
438	[3490]	477	44
439	[1208]	477	44
440	[123]	476	44
441	[236]	476	44
442	[8]	476	44
443	[4607]	476	44
444	[3015]	476	44
445	[5976]	476	44
446	[3533]	475	44
447	[932]	474	43
448	[1389]	474	43
449	[5839]	474	43
450	[5924]	473	43
451	[4625]	473	43
452	[5053]	473	43
453	[4060]	473	43
454	[2383]	473	43
455	[88]	473	43
456	[1073]	472	43
457	[1533]	472	43
458	[839]	472	43
459	[5803]	472	43
460	[6032]	471	43
461	[1218]	471	43
462	[4740]	471	43
463	[5034]	471	43
464	[190]	471	43
465	[2168]	470	43
466	[287]	469	43
467	[4450]	469	43
468	[3132]	468	43
469	[4026]	468	43
470	[540]	468	43
471	[1860]	468	43
472	[5050]	468	43
473	[1939]	468	43
474	[5834]	467	42
475	[3656]	467	42
476	[5232]	467	42
477	[1159]	465	42
478	[296]	464	42
479	[1529]	464	42
480	[6175]	464	42
481	[5057]	464	42
482	[4931]	464	42
483	[6070]	464	42
484	[5885]	463	42
485	[623]	463	42
486	[4403]	463	42
487	[5920]	463	42
488	[5855]	462	42
489	[5805]	462	42
490	[5915]	462	42
491	[4125]	461	42
492	[3414]	461	42
493	[1629]	461	42
494	[279]	461	42
495	[4744]	460	41
496	[4401]	460	41
497	[6055]	459	41
498	[3019]	459	41
499	[5817]	459	41
500	[1209]	459	41
501	[5417]	458	41
502	[538]	458	41
503	[5572]	458	41
504	[5454]	458	41
505	[5822]	456	41
506	[1197]	456	41
507	[5006]	454	41
508	[604]	454	41
509	[1700]	454	41
510	[5870]	453	40
511	[5024]	453	40
512	[6082]	452	40
513	[5084]	452	40
514	[4061]	452	40
515	[5930]	452	40
516	[4761]	451	40
517	[3926]	450	40
518	[2733]	450	40
519	[781]	450	40
520	[5827]	450	40
521	[3303]	448	40
522	[2202]	447	40
523	[5987]	447	40
524	[3230]	447	40
525	[6016]	446	39
526	[1123]	446	39
527	[955]	445	39
528	[2220]	445	39
529	[771]	445	39
530	[66]	445	39
531	[3102]	445	39
532	[3018]	445	39
533	[5274]	445	39
534	[5243]	443	39
535	[5876]	443	39
536	[4335]	443	39
537	[3389]	441	39
538	[1405]	440	38
539	[4828]	438	38
540	[4013]	438	38
541	[60]	436	38
542	[5410]	436	38
543	[422]	436	38
544	[3527]	436	38
545	[1311]	436	38
546	[6072]	435	38
547	[2283]	435	38
548	[5940]	434	38
549	[6034]	434	38
550	[980]	434	38
551	[1973]	433	37
552	[2848]	432	37
553	[3135]	432	37
554	[5690]	432	37
555	[5912]	431	37
556	[433]	428	37
557	[2370]	427	37
558	[5333]	427	37
559	[3965]	427	37
560	[3646]	426	36
561	[2080]	425	36
562	[5847]	424	36
563	[3562]	423	36
564	[5897]	423	36
565	[3630]	422	36
566	[1729]	421	36
567	[5846]	421	36
568	[3961]	421	36
569	[5892]	419	35
570	[1156]	417	35
571	[5858]	414	35
572	[4121]	413	35
573	[5879]	413	35
574	[3786]	411	34
575	[4592]	411	34
576	[2907]	411	34
577	[11]	410	34
578	[1622]	408	34
579	[5809]	407	34
580	[1868]	407	34
581	[5899]	405	33
582	[3655]	405	33
583	[5422]	403	33
584	[3021]	399	33
585	[5332]	385	31
586	[1369]	377	29
587	[51]	372	29
588	[3288]	360	27
589	[4455]	358	27
590	[2102]	354	26
591	[5404]	258	12
592	[1143]	258	12
593	[3735]	246	10
594	[6025]	234	9
595	[3049]	228	8
596	[5450]	222	7
597	[3560]	210	5
598	[537]	210	5
599	[4301]	174	0
last update: Sat Apr 30 2016 03:26:36 GMT+0800 (HKT)